-82.7428	-220.2869	4979.5068
-82.7541	-219.1678	4979.5256
-82.7654	-218.0485	4979.5445
-82.7768	-216.9290	4979.5633
-82.7881	-215.8095	4979.5820
-82.7995	-214.6897	4979.6007
-82.8109	-213.5699	4979.6194
-82.8223	-212.4498	4979.6380
-82.8338	-211.3297	4979.6565
-82.8452	-210.2094	4979.6750
-82.8567	-209.0890	4979.6934
-82.8682	-207.9684	4979.7118
-82.8796	-206.8478	4979.7301
-82.8912	-205.7270	4979.7483
-82.9027	-204.6060	4979.7664
-82.9142	-203.4850	4979.7845
-82.9257	-202.3638	4979.8025
-82.9373	-201.2425	4979.8204
-82.9489	-200.1210	4979.8383
-82.9604	-198.9995	4979.8561
-82.9720	-197.8778	4979.8738
-82.9836	-196.7560	4979.8914
-82.9952	-195.6341	4979.9089
-83.0069	-194.5121	4979.9263
-83.0185	-193.3899	4979.9436
-83.0301	-192.2677	4979.9609
-83.0418	-191.1453	4979.9780
-83.0534	-190.0229	4979.9951
-83.0651	-188.9003	4980.0121
-83.0767	-187.7776	4980.0289
-83.0884	-186.6548	4980.0457
-83.1001	-185.5319	4980.0623
-83.1118	-184.4089	4980.0789
-83.1235	-183.2858	4980.0954
-83.1352	-182.1626	4980.1117
-83.1469	-181.0394	4980.1279
-83.1586	-179.9160	4980.1440
-83.1703	-178.7925	4980.1600
-83.1820	-177.6689	4980.1759
-83.1937	-176.5452	4980.1917
-83.2054	-175.4215	4980.2074
-83.2171	-174.2976	4980.2229
-83.2289	-173.1737	4980.2383
-83.2406	-172.0496	4980.2536
-83.2523	-170.9255	4980.2688
-83.2641	-169.8013	4980.2838
-83.2758	-168.6770	4980.2988
-83.2875	-167.5527	4980.3136
-83.2993	-166.4282	4980.3282
-83.3110	-165.3037	4980.3428
-83.3227	-164.1790	4980.3572
-83.3345	-163.0544	4980.3714
-83.3462	-161.9296	4980.3856
-83.3579	-160.8047	4980.3996
-83.3697	-159.6798	4980.4134
-83.3814	-158.5548	4980.4272
-83.3931	-157.4297	4980.4408
-83.4048	-156.3046	4980.4542
-83.4166	-155.1794	4980.4675
-83.4283	-154.0541	4980.4807
-83.4400	-152.9287	4980.4937
-83.4517	-151.8033	4980.5066
-83.4634	-150.6778	4980.5193
-83.4752	-149.5523	4980.5319
-83.4869	-148.4267	4980.5443
-83.4986	-147.3010	4980.5566
-83.5103	-146.1752	4980.5687
-83.5220	-145.0494	4980.5807
-83.5337	-143.9236	4980.5926
-83.5453	-142.7977	4980.6042
-83.5570	-141.6717	4980.6158
-83.5687	-140.5456	4980.6271
-83.5804	-139.4195	4980.6384
-83.5920	-138.2934	4980.6494
-83.6037	-137.1672	4980.6603
-83.6153	-136.0409	4980.6711
-83.6270	-134.9146	4980.6817
-83.6386	-133.7882	4980.6921
-83.6502	-132.6618	4980.7023
-83.6619	-131.5354	4980.7124
-83.6735	-130.4089	4980.7224
-83.6851	-129.2823	4980.7322
-83.6967	-128.1557	4980.7418
-83.7083	-127.0290	4980.7512
-83.7199	-125.9023	4980.7605
-83.7314	-124.7756	4980.7696
-83.7430	-123.6488	4980.7786
-83.7546	-122.5220	4980.7874
-83.7661	-121.3951	4980.7960
-83.7777	-120.2682	4980.8045
-83.7892	-119.1412	4980.8128
-83.8007	-118.0142	4980.8209
-83.8122	-116.8872	4980.8288
-83.8237	-115.7601	4980.8366
-83.8352	-114.6330	4980.8442
-83.8467	-113.5059	4980.8516
-83.8582	-112.3787	4980.8589
-83.8696	-111.2515	4980.8660
-83.8811	-110.1242	4980.8729
-83.8925	-108.9970	4980.8797
-83.9040	-107.8696	4980.8862
-83.9154	-106.7423	4980.8926
-83.9268	-105.6149	4980.8989
-83.9382	-104.4875	4980.9049
-83.9496	-103.3601	4980.9108
-83.9610	-102.2326	4980.9165
-83.9723	-101.1051	4980.9220
-83.9837	-99.9776	4980.9274
-83.9950	-98.8501	4980.9325
-84.0063	-97.7225	4980.9375
-84.0176	-96.5949	4980.9424
-84.0289	-95.4673	4980.9470
-84.0402	-94.3396	4980.9515
-84.0515	-93.2120	4980.9558
-84.0628	-92.0843	4980.9599
-84.0740	-90.9566	4980.9638
-84.0853	-89.8288	4980.9676
-84.0965	-88.7011	4980.9712
-84.1077	-87.5733	4980.9746
-84.1189	-86.4455	4980.9778
-84.1301	-85.3177	4980.9808
-84.1413	-84.1899	4980.9837
-84.1524	-83.0620	4980.9864
-84.1636	-81.9342	4980.9889
-84.1747	-80.8063	4980.9913
-84.1858	-79.6784	4980.9934
-84.1969	-78.5505	4980.9954
-84.2080	-77.4226	4980.9972
-84.2191	-76.2946	4980.9988
-84.2301	-75.1667	4981.0002
-84.2412	-74.0387	4981.0015
-84.2522	-72.9107	4981.0026
-84.2632	-71.7827	4981.0035
-84.2742	-70.6547	4981.0042
-84.2852	-69.5267	4981.0048
-84.2962	-68.3987	4981.0051
-84.3072	-67.2707	4981.0053
-84.3181	-66.1426	4981.0053
-84.3290	-65.0146	4981.0052
-84.3399	-63.8865	4981.0048
-84.3508	-62.7585	4981.0043
-84.3617	-61.6304	4981.0036
-84.3726	-60.5023	4981.0027
-84.3835	-59.3743	4981.0016
-84.3943	-58.2462	4981.0004
-84.4051	-57.1181	4980.9990
-84.4159	-55.9900	4980.9974
-84.4267	-54.8619	4980.9956
-84.4375	-53.7338	4980.9937
-84.4483	-52.6057	4980.9916
-84.4590	-51.4775	4980.9893
-84.4697	-50.3494	4980.9868
-84.4805	-49.2213	4980.9842
-84.4912	-48.0932	4980.9814
-84.5018	-46.9651	4980.9784
-84.5125	-45.8370	4980.9752
-84.5232	-44.7088	4980.9718
-84.5338	-43.5807	4980.9683
-84.5444	-42.4526	4980.9646
-84.5550	-41.3245	4980.9608
-84.5656	-40.1964	4980.9567
-84.5762	-39.0683	4980.9525
-84.5868	-37.9401	4980.9481
-84.5973	-36.8120	4980.9436
-84.6078	-35.6839	4980.9388
-84.6183	-34.5558	4980.9339
-84.6288	-33.4277	4980.9289
-84.6393	-32.2996	4980.9236
-84.6498	-31.1715	4980.9182
-84.6602	-30.0434	4980.9126
-84.6706	-28.9154	4980.9069
-84.6811	-27.7873	4980.9009
-84.6915	-26.6592	4980.8949
-84.7018	-25.5311	4980.8886
-84.7122	-24.4031	4980.8822
-84.7226	-23.2750	4980.8756
-84.7329	-22.1470	4980.8688
-84.7432	-21.0189	4980.8619
-84.7535	-19.8909	4980.8548
-84.7638	-18.7629	4980.8476
-84.7741	-17.6349	4980.8401
-84.7843	-16.5069	4980.8326
-84.7946	-15.3789	4980.8248
-84.8048	-14.2509	4980.8169
-84.8150	-13.1229	4980.8088
-84.8252	-11.9949	4980.8006
-84.8354	-10.8670	4980.7922
-84.8455	-9.7390	4980.7836
-84.8557	-8.6111	4980.7749
-84.8658	-7.4831	4980.7660
-84.8759	-6.3552	4980.7570
-84.8860	-5.2273	4980.7478
-84.8961	-4.0994	4980.7385
-84.9062	-2.9715	4980.7290
-84.9162	-1.8436	4980.7193
-84.9263	-0.7158	4980.7095
-84.9363	0.4121	4980.6995
-84.9463	1.5399	4980.6894
-84.9563	2.6677	4980.6791
-84.9662	3.7956	4980.6686
-84.9762	4.9234	4980.6580
-84.9861	6.0511	4980.6473
-84.9961	7.1789	4980.6364
-85.0060	8.3067	4980.6253
-85.0159	9.4344	4980.6141
-85.0257	10.5622	4980.6028
-85.0356	11.6899	4980.5913
-85.0455	12.8176	4980.5797
-85.0553	13.9453	4980.5679
-85.0651	15.0729	4980.5559
-85.0749	16.2006	4980.5438
-85.0847	17.3283	4980.5316
-85.0945	18.4559	4980.5192
-85.1042	19.5835	4980.5067
-85.1140	20.7111	4980.4941
-85.1237	21.8387	4980.4813
-85.1334	22.9662	4980.4683
-85.1431	24.0938	4980.4552
-85.1528	25.2213	4980.4420
-85.1625	26.3488	4980.4286
-85.1721	27.4764	4980.4151
-85.1818	28.6038	4980.4015
-85.1914	29.7313	4980.3877
-85.2010	30.8588	4980.3738
-85.2106	31.9862	4980.3597
-85.2202	33.1136	4980.3456
-85.2297	34.2410	4980.3312
-85.2393	35.3684	4980.3168
-85.2488	36.4958	4980.3022
-85.2584	37.6231	4980.2875
-85.2679	38.7504	4980.2726
-85.2774	39.8778	4980.2576
-85.2869	41.0051	4980.2425
-85.2963	42.1323	4980.2273
-85.3058	43.2596	4980.2119
-85.3152	44.3868	4980.1964
-85.3247	45.5141	4980.1808
-85.3341	46.6413	4980.1651
-85.3435	47.7685	4980.1492
-85.3529	48.8956	4980.1332
-85.3622	50.0228	4980.1171
-85.3716	51.1499	4980.1009
-85.3810	52.2770	4980.0845
-85.3903	53.4041	4980.0681
-85.3996	54.5312	4980.0515
-85.4089	55.6583	4980.0348
-85.4182	56.7853	4980.0179
-85.4275	57.9123	4980.0010
-85.4368	59.0393	4979.9839
-85.4460	60.1663	4979.9667
-85.4553	61.2933	4979.9494
-85.4645	62.4202	4979.9320
-85.4737	63.5471	4979.9145
-85.4830	64.6740	4979.8969
-85.4922	65.8009	4979.8791
-85.5013	66.9278	4979.8613
-85.5105	68.0546	4979.8433
-85.5197	69.1815	4979.8253
-85.5288	70.3083	4979.8071
-85.5380	71.4351	4979.7888
-85.5471	72.5618	4979.7704
-85.5562	73.6886	4979.7519
-85.5653	74.8153	4979.7333
-85.5744	75.9420	4979.7146
-85.5835	77.0687	4979.6958
-85.5925	78.1954	4979.6770
-85.6016	79.3221	4979.6580
-85.6106	80.4487	4979.6389
-85.6197	81.5753	4979.6197
-85.6287	82.7019	4979.6004
-85.6377	83.8285	4979.5810
-85.6467	84.9550	4979.5615
-85.6557	86.0816	4979.5419
-85.6647	87.2081	4979.5222
-85.6737	88.3346	4979.5025
-85.6826	89.4611	4979.4826
-85.6916	90.5875	4979.4627
-85.7005	91.7140	4979.4426
-85.7095	92.8404	4979.4225
-85.7184	93.9668	4979.4023
-85.7273	95.0932	4979.3820
-85.7362	96.2195	4979.3616
-85.7451	97.3459	4979.3411
-85.7540	98.4722	4979.3205
-85.7628	99.5985	4979.2999
-85.7717	100.7248	4979.2792
-85.7806	101.8511	4979.2584
-85.7894	102.9773	4979.2375
-85.7982	104.1036	4979.2165
-85.8071	105.2298	4979.1954
-85.8159	106.3560	4979.1743
-85.8247	107.4821	4979.1531
-85.8335	108.6083	4979.1318
-85.8423	109.7344	4979.1105
-85.8511	110.8605	4979.0890
-85.8598	111.9866	4979.0675
-85.8686	113.1127	4979.0460
-85.8774	114.2388	4979.0243
-85.8861	115.3648	4979.0026
-85.8949	116.4908	4978.9808
-85.9036	117.6169	4978.9589
-85.9123	118.7428	4978.9370
-85.9210	119.8688	4978.9150
-85.9298	120.9948	4978.8930
-85.9385	122.1207	4978.8708
-85.9472	123.2466	4978.8486
-85.9558	124.3725	4978.8264
-85.9645	125.4984	4978.8041
-85.9732	126.6242	4978.7817
-85.9819	127.7501	4978.7592
-85.9905	128.8759	4978.7367
-85.9992	130.0017	4978.7142
-86.0078	131.1275	4978.6916
-86.0165	132.2533	4978.6689
-86.0251	133.3790	4978.6462
-86.0337	134.5047	4978.6234
-86.0424	135.6305	4978.6005
-86.0510	136.7562	4978.5776
-86.0596	137.8818	4978.5547
-86.0682	139.0075	4978.5317
-86.0768	140.1332	4978.5086
-86.0854	141.2588	4978.4855
-86.0940	142.3844	4978.4624
-86.1026	143.5100	4978.4392
-86.1111	144.6356	4978.4159
-86.1197	145.7612	4978.3927
-86.1283	146.8867	4978.3693
-86.1368	148.0122	4978.3459
-86.1454	149.1377	4978.3225
-86.1540	150.2632	4978.2990
-86.1625	151.3887	4978.2755
-86.1711	152.5142	4978.2520
-86.1796	153.6396	4978.2284
-86.1881	154.7651	4978.2048
-86.1967	155.8905	4978.1811
-86.2052	157.0159	4978.1574
-86.2137	158.1413	4978.1336
-86.2222	159.2667	4978.1099
-86.2307	160.3920	4978.0860
-86.2392	161.5173	4978.0622
-86.2478	162.6427	4978.0383
-86.2563	163.7680	4978.0144
-86.2648	164.8933	4977.9904
-86.2733	166.0186	4977.9665
-86.2817	167.1438	4977.9424
-86.2902	168.2691	4977.9184
-86.2987	169.3943	4977.8943
-86.3072	170.5195	4977.8702
-86.3157	171.6447	4977.8461
-86.3242	172.7699	4977.8220
-86.3326	173.8951	4977.7978
-86.3411	175.0203	4977.7736
-86.3496	176.1454	4977.7494
-86.3581	177.2705	4977.7252
-86.3665	178.3957	4977.7009
-86.3750	179.5208	4977.6766
-86.3834	180.6459	4977.6523
-86.3919	181.7710	4977.6280
-86.4004	182.8960	4977.6036
-86.4088	184.0211	4977.5793
-86.4173	185.1461	4977.5549
-86.4257	186.2711	4977.5305
-86.4342	187.3962	4977.5061
-86.4426	188.5212	4977.4817
-86.4511	189.6461	4977.4572
-86.4595	190.7711	4977.4328
-86.4680	191.8961	4977.4083
-86.4764	193.0210	4977.3839
-86.4849	194.1460	4977.3594
-86.4933	195.2709	4977.3349
-86.5018	196.3958	4977.3104
-86.5102	197.5207	4977.2859
-86.5187	198.6456	4977.2614
-86.5271	199.7705	4977.2368
-86.5356	200.8954	4977.2123
-86.5440	202.0202	4977.1878
-86.5525	203.1451	4977.1632
-86.5609	204.2699	4977.1387
-86.5693	205.3947	4977.1141
-86.5778	206.5195	4977.0896
-86.5862	207.6443	4977.0650
-86.5947	208.7691	4977.0405
-86.6031	209.8939	4977.0159
-86.6116	211.0187	4976.9914
-86.6200	212.1434	4976.9668
-86.6285	213.2682	4976.9423
-86.6369	214.3929	4976.9178
-86.6454	215.5176	4976.8932
-86.6538	216.6423	4976.8687
-86.6623	217.7671	4976.8442
-86.6707	218.8917	4976.8196
-86.6792	220.0164	4976.7951
-86.6877	221.1411	4976.7706
-86.6961	222.2658	4976.7461
-86.7046	223.3904	4976.7216
-86.7131	224.5151	4976.6971
-86.7215	225.6397	4976.6726
-86.7300	226.7644	4976.6482
-86.7385	227.8890	4976.6237
-86.7469	229.0136	4976.5993
-86.7554	230.1382	4976.5748
-86.7639	231.2628	4976.5504
-86.7724	232.3874	4976.5260
-86.7809	233.5120	4976.5016
-86.7893	234.6365	4976.4773
-86.7978	235.7611	4976.4529
-86.8063	236.8857	4976.4286
-86.8148	238.0102	4976.4042
-86.8233	239.1348	4976.3799
-86.8318	240.2593	4976.3556
-86.8403	241.3838	4976.3314
-86.8488	242.5083	4976.3071
-86.8573	243.6328	4976.2829
-86.8659	244.7573	4976.2587
-86.8744	245.8818	4976.2345
-86.8829	247.0063	4976.2103
-86.8914	248.1308	4976.1861
-86.9000	249.2553	4976.1620
-86.9085	250.3798	4976.1379
-86.9170	251.5042	4976.1138
-86.9256	252.6287	4976.0898
-86.9341	253.7531	4976.0658
-86.9427	254.8776	4976.0418
-86.9512	256.0020	4976.0178
-86.9598	257.1264	4975.9938
-86.9684	258.2509	4975.9699
-86.9769	259.3753	4975.9460
-86.9855	260.4997	4975.9221
-86.9941	261.6241	4975.8983
-87.0027	262.7485	4975.8745
-87.0113	263.8729	4975.8507
-87.0198	264.9973	4975.8270
-87.0284	266.1217	4975.8033
-87.0370	267.2461	4975.7796
-87.0457	268.3705	4975.7559
-87.0543	269.4948	4975.7323
-87.0629	270.6192	4975.7087
-87.0715	271.7436	4975.6852
-87.0801	272.8679	4975.6616
-87.0888	273.9923	4975.6381
-87.0974	275.1166	4975.6147
-87.1061	276.2410	4975.5913
-87.1147	277.3653	4975.5679
-87.1234	278.4897	4975.5445
-87.1321	279.6140	4975.5212
-87.1407	280.7383	4975.4980
-87.1494	281.8627	4975.4747
-87.1581	282.9870	4975.4515
-87.1668	284.1113	4975.4284
-87.1755	285.2356	4975.4052
-87.1842	286.3599	4975.3822
-87.1929	287.4842	4975.3591
-87.2016	288.6085	4975.3361
-87.2103	289.7328	4975.3132
-87.2191	290.8571	4975.2902
-87.2278	291.9814	4975.2674
-87.2365	293.1057	4975.2445
-87.2453	294.2300	4975.2217
-87.2540	295.3543	4975.1990
-87.2628	296.4786	4975.1763
-87.2716	297.6029	4975.1536
-87.2804	298.7272	4975.1310
-87.2891	299.8514	4975.1084
-87.2979	300.9757	4975.0858
-87.3067	302.1000	4975.0633
-87.3155	303.2243	4975.0409
-87.3244	304.3485	4975.0185
-87.3332	305.4728	4974.9961
-87.3420	306.5971	4974.9738
-87.3508	307.7213	4974.9515
-87.3597	308.8456	4974.9293
-87.3685	309.9699	4974.9072
-87.3774	311.0941	4974.8850
-87.3863	312.2184	4974.8629
-87.3951	313.3426	4974.8409
-87.4040	314.4669	4974.8189
-87.4129	315.5912	4974.7970
-87.4218	316.7154	4974.7751
-87.4307	317.8397	4974.7532
-87.4396	318.9639	4974.7315
-87.4486	320.0882	4974.7097
-87.4575	321.2124	4974.6880
-87.4664	322.3367	4974.6664
-87.4754	323.4609	4974.6448
-87.4843	324.5852	4974.6232
-87.4933	325.7094	4974.6017
-87.5023	326.8337	4974.5803
-87.5113	327.9579	4974.5589
-87.5203	329.0822	4974.5375
-87.5293	330.2064	4974.5162
-87.5383	331.3306	4974.4950
-87.5473	332.4549	4974.4738
-87.5563	333.5791	4974.4527
-87.5653	334.7034	4974.4316
-87.5744	335.8276	4974.4105
-87.5834	336.9519	4974.3895
-87.5925	338.0761	4974.3686
-87.6016	339.2004	4974.3477
-87.6107	340.3246	4974.3269
-87.6197	341.4488	4974.3061
-87.6288	342.5731	4974.2854
-87.6379	343.6973	4974.2647
-87.6471	344.8216	4974.2441
-87.6562	345.9458	4974.2236
-87.6653	347.0701	4974.2030
-87.6745	348.1943	4974.1826
-87.6836	349.3186	4974.1622
-87.6928	350.4428	4974.1418
-87.7019	351.5671	4974.1215
-87.7111	352.6913	4974.1013
-87.7203	353.8156	4974.0811
-87.7295	354.9398	4974.0610
-87.7387	356.0641	4974.0409
-87.7479	357.1883	4974.0209
-87.7572	358.3126	4974.0009
-87.7664	359.4368	4973.9810
-87.7757	360.5611	4973.9611
-87.7849	361.6853	4973.9413
-87.7942	362.8096	4973.9215
-87.8034	363.9339	4973.9018
-87.8127	365.0581	4973.8822
-87.8220	366.1824	4973.8626
-87.8313	367.3066	4973.8430
-87.8406	368.4309	4973.8236
-87.8500	369.5552	4973.8041
-87.8593	370.6794	4973.7848
-87.8686	371.8037	4973.7654
-87.8780	372.9280	4973.7462
-87.8874	374.0522	4973.7270
-87.8967	375.1765	4973.7078
-87.9061	376.3008	4973.6887
-87.9155	377.4251	4973.6696
-87.9249	378.5493	4973.6507
-87.9343	379.6736	4973.6317
-87.9437	380.7979	4973.6128
-87.9532	381.9222	4973.5940
-87.9626	383.0464	4973.5752
-87.9721	384.1707	4973.5565
-87.9815	385.2950	4973.5378
-87.9910	386.4193	4973.5192
-88.0005	387.5436	4973.5006
-88.0100	388.6679	4973.4821
-88.0195	389.7922	4973.4637
-88.0290	390.9164	4973.4453
-88.0385	392.0407	4973.4269
-88.0481	393.1650	4973.4086
-88.0576	394.2893	4973.3904
-88.0671	395.4136	4973.3722
-88.0767	396.5379	4973.3541
-88.0863	397.6622	4973.3360
-88.0959	398.7865	4973.3180
-88.1055	399.9108	4973.3000
-88.1151	401.0351	4973.2821
-88.1247	402.1594	4973.2642
-88.1343	403.2837	4973.2464
-88.1439	404.4080	4973.2286
-88.1536	405.5324	4973.2109
-88.1632	406.6567	4973.1932
-88.1729	407.7810	4973.1756
-88.1826	408.9053	4973.1581
-88.1922	410.0296	4973.1406
-88.2019	411.1539	4973.1231
-88.2116	412.2782	4973.1057
-88.2214	413.4026	4973.0883
-88.2311	414.5269	4973.0710
-88.2408	415.6512	4973.0538
-88.2506	416.7755	4973.0366
-88.2603	417.8998	4973.0194
-88.2701	419.0242	4973.0023
-88.2799	420.1485	4972.9853
-88.2896	421.2728	4972.9682
-88.2994	422.3972	4972.9513
-88.3092	423.5215	4972.9344
-88.3191	424.6458	4972.9175
-88.3289	425.7701	4972.9007
-88.3387	426.8945	4972.8839
-88.3486	428.0188	4972.8672
-88.3584	429.1432	4972.8506
-88.3683	430.2675	4972.8339
-88.3781	431.3918	4972.8174
-88.3880	432.5162	4972.8008
-88.3979	433.6405	4972.7844
-88.4078	434.7648	4972.7679
-88.4177	435.8892	4972.7515
-88.4277	437.0135	4972.7352
-88.4376	438.1379	4972.7189
-88.4475	439.2622	4972.7026
-88.4575	440.3866	4972.6864
-88.4675	441.5109	4972.6703
-88.4774	442.6353	4972.6541
-88.4874	443.7596	4972.6381
-88.4974	444.8839	4972.6220
-88.5074	446.0083	4972.6061
-88.5174	447.1326	4972.5901
-88.5274	448.2570	4972.5742
-88.5375	449.3813	4972.5583
-88.5475	450.5057	4972.5425
-88.5576	451.6300	4972.5267
-88.5676	452.7544	4972.5110
-88.5777	453.8787	4972.4953
-88.5878	455.0031	4972.4796
-88.5979	456.1274	4972.4640
-88.6080	457.2518	4972.4485
-88.6181	458.3761	4972.4329
-88.6282	459.5005	4972.4174
-88.6383	460.6248	4972.4020
-88.6485	461.7492	4972.3865
-88.6586	462.8735	4972.3712
-88.6688	463.9979	4972.3558
-88.6789	465.1222	4972.3405
-88.6891	466.2466	4972.3252
-88.6993	467.3709	4972.3100
-88.7095	468.4952	4972.2948
-88.7197	469.6196	4972.2796
-88.7299	470.7439	4972.2645
-88.7401	471.8683	4972.2494
-88.7503	472.9926	4972.2343
-88.7606	474.1170	4972.2193
-88.7708	475.2413	4972.2043
-88.7811	476.3656	4972.1894
-88.7913	477.4900	4972.1744
-88.8016	478.6143	4972.1595
-88.8119	479.7386	4972.1447
-88.8222	480.8630	4972.1298
-88.8325	481.9873	4972.1150
-88.8428	483.1116	4972.1003
-88.8531	484.2360	4972.0855
-88.8634	485.3603	4972.0708
-88.8738	486.4846	4972.0561
-88.8841	487.6089	4972.0415
-88.8945	488.7333	4972.0268
-88.9048	489.8576	4972.0122
-88.9152	490.9819	4971.9977
-88.9256	492.1062	4971.9831
-88.9359	493.2305	4971.9686
-88.9463	494.3548	4971.9541
-88.9567	495.4791	4971.9396
-88.9672	496.6034	4971.9252
-88.9776	497.7277	4971.9108
-88.9880	498.8520	4971.8964
-88.9984	499.9763	4971.8820
-89.0089	501.1006	4971.8676
-89.0193	502.2249	4971.8533
-89.0298	503.3492	4971.8390
-89.0403	504.4735	4971.8247
-89.0507	505.5978	4971.8105
-89.0612	506.7221	4971.7962
-89.0717	507.8463	4971.7820
-89.0822	508.9706	4971.7678
-89.0927	510.0949	4971.7536
-89.1032	511.2191	4971.7394
-89.1137	512.3434	4971.7253
-89.1243	513.4676	4971.7112
-89.1348	514.5919	4971.6970
-89.1453	515.7161	4971.6829
-89.1559	516.8404	4971.6689
-89.1665	517.9646	4971.6548
-89.1770	519.0889	4971.6407
-89.1876	520.2131	4971.6267
-89.1982	521.3373	4971.6127
-89.2088	522.4615	4971.5987
-89.2194	523.5857	4971.5847
-89.2300	524.7100	4971.5707
-89.2406	525.8342	4971.5567
-89.2512	526.9584	4971.5427
-89.2618	528.0826	4971.5288
-89.2724	529.2067	4971.5148
-89.2831	530.3309	4971.5009
-89.2937	531.4551	4971.4870
-89.3044	532.5793	4971.4730
-89.3150	533.7035	4971.4591
-89.3257	534.8276	4971.4452
-89.3363	535.9518	4971.4313
-89.3470	537.0759	4971.4174
-89.3577	538.2001	4971.4035
-89.3684	539.3242	4971.3897
-89.3791	540.4483	4971.3758
-89.3898	541.5724	4971.3619
-89.4005	542.6966	4971.3480
-89.4112	543.8207	4971.3342
-89.4219	544.9448	4971.3203
-89.4327	546.0689	4971.3064
-89.4434	547.1930	4971.2926
-89.4541	548.3170	4971.2787
-89.4649	549.4411	4971.2648
-89.4756	550.5652	4971.2510
-89.4864	551.6892	4971.2371
-89.4971	552.8133	4971.2232
-89.5079	553.9373	4971.2094
-89.5187	555.0614	4971.1955
-89.5294	556.1854	4971.1816
-89.5402	557.3094	4971.1677
-89.5510	558.4334	4971.1539
-89.5618	559.5574	4971.1400
-89.5726	560.6814	4971.1261
-89.5834	561.8054	4971.1122
-89.5942	562.9294	4971.0983
-89.6050	564.0534	4971.0843
-89.6158	565.1773	4971.0704
-89.6267	566.3013	4971.0565
-89.6375	567.4252	4971.0425
-89.6483	568.5491	4971.0286
-89.6592	569.6731	4971.0146
-89.6700	570.7970	4971.0007
-89.6809	571.9209	4970.9867
-89.6917	573.0448	4970.9727
-89.7026	574.1687	4970.9587
-89.7134	575.2925	4970.9447
-89.7243	576.4164	4970.9306
-89.7352	577.5403	4970.9166
-89.7460	578.6641	4970.9025
-89.7569	579.7879	4970.8884
-89.7678	580.9118	4970.8743
-89.7787	582.0356	4970.8602
-89.7896	583.1594	4970.8461
-89.8005	584.2832	4970.8319
-89.8114	585.4069	4970.8178
-89.8223	586.5307	4970.8036
-89.8332	587.6545	4970.7894
-89.8441	588.7782	4970.7752
-89.8550	589.9019	4970.7609
-89.8659	591.0257	4970.7467
-89.8768	592.1494	4970.7324
-89.8878	593.2731	4970.7181
-89.8987	594.3968	4970.7038
-89.9096	595.5204	4970.6894
-89.9206	596.6441	4970.6750
-89.9315	597.7677	4970.6606
-89.9424	598.8914	4970.6462
-89.9534	600.0150	4970.6318
-89.9643	601.1386	4970.6173
-89.9753	602.2622	4970.6028
-89.9862	603.3858	4970.5883
-89.9972	604.5094	4970.5737
-90.0082	605.6329	4970.5591
-90.0191	606.7565	4970.5445
-90.0301	607.8800	4970.5299
-90.0410	609.0035	4970.5152
-90.0520	610.1270	4970.5005
-90.0630	611.2505	4970.4858
-90.0740	612.3740	4970.4711
-90.0849	613.4975	4970.4563
-90.0959	614.6209	4970.4414
-90.1069	615.7444	4970.4266
-90.1179	616.8678	4970.4117
-90.1289	617.9912	4970.3968
-90.1399	619.1146	4970.3818
-90.1509	620.2380	4970.3669
-90.1619	621.3613	4970.3518
-90.1728	622.4847	4970.3368
-90.1838	623.6080	4970.3217
-90.1948	624.7313	4970.3066
-90.2058	625.8546	4970.2914
-90.2168	626.9779	4970.2762
-90.2279	628.1012	4970.2610
-90.2389	629.2245	4970.2457
-90.2499	630.3477	4970.2304
-90.2609	631.4709	4970.2150
-90.2719	632.5941	4970.1996
-90.2829	633.7173	4970.1842
-90.2939	634.8405	4970.1687
-90.3049	635.9637	4970.1532
-90.3159	637.0868	4970.1377
-90.3270	638.2099	4970.1221
-90.3380	639.3331	4970.1064
-90.3490	640.4562	4970.0907
-90.3600	641.5792	4970.0750
-90.3710	642.7023	4970.0593
-90.3821	643.8254	4970.0435
-90.3931	644.9484	4970.0276
-90.4041	646.0714	4970.0117
-90.4151	647.1944	4969.9958
-90.4262	648.3174	4969.9798
-90.4372	649.4403	4969.9638
-90.4482	650.5633	4969.9477
-90.4592	651.6862	4969.9316
-90.4703	652.8091	4969.9154
-90.4813	653.9320	4969.8992
-90.4923	655.0549	4969.8829
-90.5034	656.1778	4969.8666
-90.5144	657.3006	4969.8502
-90.5254	658.4234	4969.8338
-90.5365	659.5462	4969.8174
-90.5475	660.6690	4969.8009
-90.5585	661.7918	4969.7843
-90.5696	662.9145	4969.7677
-90.5806	664.0373	4969.7511
-90.5916	665.1600	4969.7344
-90.6027	666.2827	4969.7176
-90.6137	667.4054	4969.7008
-90.6247	668.5280	4969.6840
-90.6358	669.6507	4969.6671
-90.6468	670.7733	4969.6501
-90.6578	671.8959	4969.6331
-90.6689	673.0185	4969.6160
-90.6799	674.1410	4969.5989
-90.6909	675.2636	4969.5818
-90.7020	676.3861	4969.5646
-90.7130	677.5086	4969.5473
-90.7240	678.6311	4969.5300
-90.7351	679.7536	4969.5126
-90.7461	680.8760	4969.4952
-90.7571	681.9984	4969.4777
-90.7682	683.1209	4969.4601
-90.7792	684.2433	4969.4426
-90.7902	685.3656	4969.4249
-90.8012	686.4880	4969.4072
-90.8123	687.6103	4969.3895
-90.8233	688.7326	4969.3716
-90.8343	689.8549	4969.3538
-90.8454	690.9772	4969.3359
-90.8564	692.0995	4969.3179
-90.8674	693.2217	4969.2999
-90.8784	694.3439	4969.2818
-90.8895	695.4661	4969.2636
-90.9005	696.5883	4969.2455
-90.9115	697.7104	4969.2272
-90.9225	698.8326	4969.2089
-90.9336	699.9547	4969.1905
-90.9446	701.0768	4969.1721
-90.9556	702.1989	4969.1537
-90.9666	703.3209	4969.1351
-90.9776	704.4430	4969.1165
-90.9887	705.5650	4969.0979
-90.9997	706.6870	4969.0792
-91.0107	707.8090	4969.0605
-91.0217	708.9309	4969.0416
-91.0327	710.0528	4969.0228
-91.0437	711.1748	4969.0039
-91.0548	712.2967	4968.9849
-91.0658	713.4185	4968.9659
-91.0768	714.5404	4968.9468
-91.0878	715.6622	4968.9276
-91.0988	716.7840	4968.9084
-91.1098	717.9058	4968.8892
-91.1208	719.0276	4968.8699
-91.1318	720.1494	4968.8505
-91.1428	721.2711	4968.8311
-91.1538	722.3928	4968.8116
-91.1648	723.5145	4968.7921
-91.1758	724.6362	4968.7725
-91.1869	725.7579	4968.7529
-91.1979	726.8795	4968.7332
-91.2089	728.0011	4968.7134
-91.2199	729.1227	4968.6936
-91.2309	730.2443	4968.6738
-91.2419	731.3658	4968.6539
-91.2529	732.4874	4968.6339
-91.2639	733.6089	4968.6139
-91.2749	734.7304	4968.5938
-91.2859	735.8519	4968.5737
-91.2968	736.9733	4968.5535
-91.3078	738.0948	4968.5333
-91.3188	739.2162	4968.5131
-91.3298	740.3376	4968.4927
-91.3408	741.4590	4968.4723
-91.3518	742.5803	4968.4519
-91.3628	743.7017	4968.4314
-91.3738	744.8230	4968.4109
-91.3848	745.9443	4968.3903
-91.3958	747.0656	4968.3697
-91.4068	748.1869	4968.3490
-91.4178	749.3081	4968.3283
-91.4288	750.4293	4968.3075
-91.4398	751.5505	4968.2867
-91.4507	752.6717	4968.2658
-91.4617	753.7929	4968.2449
-91.4727	754.9141	4968.2240
-91.4837	756.0352	4968.2030
-91.4947	757.1563	4968.1819
-91.5057	758.2774	4968.1608
-91.5167	759.3985	4968.1397
-91.5277	760.5196	4968.1185
-91.5387	761.6406	4968.0973
-91.5497	762.7616	4968.0760
-91.5606	763.8827	4968.0547
-91.5716	765.0036	4968.0333
-91.5826	766.1246	4968.0119
-91.5936	767.2456	4967.9905
-91.6046	768.3665	4967.9690
-91.6156	769.4875	4967.9475
-91.6266	770.6084	4967.9260
-91.6376	771.7293	4967.9044
-91.6486	772.8501	4967.8828
-91.6596	773.9710	4967.8611
-91.6706	775.0918	4967.8394
-91.6816	776.2127	4967.8177
-91.6926	777.3335	4967.7959
-91.7036	778.4543	4967.7741
-91.7146	779.5750	4967.7523
-91.7256	780.6958	4967.7304
-91.7366	781.8166	4967.7085
-91.7476	782.9373	4967.6866
-91.7586	784.0580	4967.6647
-91.7696	785.1787	4967.6427
-91.7806	786.2994	4967.6207
-91.7916	787.4201	4967.5987
-91.8026	788.5407	4967.5766
-91.8136	789.6614	4967.5545
-91.8247	790.7820	4967.5324
-91.8357	791.9026	4967.5103
-91.8467	793.0232	4967.4881
-91.8577	794.1438	4967.4660
-91.8687	795.2644	4967.4438
-91.8798	796.3850	4967.4216
-91.8908	797.5056	4967.3994
-91.9018	798.6261	4967.3771
-91.9129	799.7466	4967.3549
-91.9239	800.8671	4967.3326
-91.9350	801.9877	4967.3103
-91.9460	803.1082	4967.2880
-91.9571	804.2286	4967.2657
-91.9681	805.3491	4967.2434
-91.9792	806.4696	4967.2211
-91.9902	807.5900	4967.1988
-92.0013	808.7105	4967.1765
-92.0124	809.8309	4967.1541
-92.0234	810.9514	4967.1318
-92.0345	812.0718	4967.1094
-92.0456	813.1922	4967.0871
-92.0567	814.3126	4967.0648
-92.0678	815.4330	4967.0424
-92.0789	816.5534	4967.0201
-92.0900	817.6737	4966.9978
-92.1011	818.7941	4966.9754
-92.1122	819.9145	4966.9531
-92.1233	821.0348	4966.9308
-92.1344	822.1552	4966.9085
-92.1455	823.2755	4966.8863
-92.1567	824.3959	4966.8640
-92.1678	825.5162	4966.8417
-92.1790	826.6365	4966.8195
-92.1901	827.7569	4966.7973
-92.2013	828.8772	4966.7751
-92.2124	829.9975	4966.7529
-92.2236	831.1178	4966.7308
-92.2348	832.2381	4966.7086
-92.2460	833.3584	4966.6865
-92.2572	834.4787	4966.6645
-92.2684	835.5991	4966.6424
-92.2796	836.7194	4966.6204
-92.2908	837.8397	4966.5984
-92.3020	838.9600	4966.5765
-92.3132	840.0803	4966.5546
-92.3245	841.2006	4966.5327
-92.3357	842.3209	4966.5109
-92.3470	843.4412	4966.4891
-92.3583	844.5615	4966.4674
-92.3695	845.6818	4966.4457
-92.3808	846.8021	4966.4241
-92.3921	847.9224	4966.4025
-92.4034	849.0427	4966.3809
-92.4147	850.1630	4966.3594
-92.4261	851.2833	4966.3380
-92.4374	852.4037	4966.3166
-92.4488	853.5240	4966.2953
-92.4601	854.6443	4966.2741
-92.4715	855.7647	4966.2529
-92.4829	856.8850	4966.2318
-92.4943	858.0054	4966.2108
-92.5057	859.1257	4966.1898
-92.5171	860.2461	4966.1689
-92.5285	861.3665	4966.1481
-92.5400	862.4869	4966.1273
-92.5514	863.6073	4966.1067
-92.5629	864.7277	4966.0861
-92.5744	865.8481	4966.0656
-92.5859	866.9685	4966.0452
-92.5974	868.0890	4966.0248
-92.6089	869.2094	4966.0046
-92.6205	870.3299	4965.9845
-92.6320	871.4504	4965.9644
-92.6436	872.5709	4965.9445
-92.6552	873.6914	4965.9247
-92.6668	874.8119	4965.9050
-92.6784	875.9324	4965.8853
-92.6900	877.0530	4965.8658
-92.7017	878.1736	4965.8464
-92.7133	879.2941	4965.8271
-92.7250	880.4147	4965.8080
-92.7367	881.5354	4965.7889
-92.7485	882.6560	4965.7700
-92.7602	883.7767	4965.7512
-92.7719	884.8974	4965.7325
-92.7837	886.0181	4965.7140
-92.7955	887.1388	4965.6956
-92.8073	888.2596	4965.6773
-92.8192	889.3803	4965.6592
-92.8310	890.5011	4965.6412
-92.8429	891.6219	4965.6234
-92.8548	892.7428	4965.6057
-92.8667	893.8637	4965.5882
-92.8786	894.9846	4965.5708
-92.8906	896.1055	4965.5536
-92.9026	897.2265	4965.5365
-92.9146	898.3474	4965.5196
-92.9266	899.4685	4965.5029
-92.9386	900.5895	4965.4864
-92.9507	901.7106	4965.4700
-92.9628	902.8317	4965.4538
-92.9749	903.9528	4965.4378
-92.9870	905.0740	4965.4219
-92.9992	906.1952	4965.4063
-93.0114	907.3165	4965.3908
-93.0236	908.4377	4965.3755
-93.0359	909.5590	4965.3605
-93.0481	910.6804	4965.3456
-93.0604	911.8018	4965.3309
-93.0728	912.9232	4965.3165
-93.0851	914.0447	4965.3022
-93.0975	915.1662	4965.2882
-93.1099	916.2878	4965.2744
-93.1223	917.4093	4965.2608
-93.1348	918.5310	4965.2474
-93.1473	919.6527	4965.2343
-93.1598	920.7744	4965.2214
-93.1724	921.8962	4965.2087
-93.1849	923.0180	4965.1963
-93.1975	924.1399	4965.1841
-93.2102	925.2618	4965.1722
-93.2229	926.3837	4965.1605
-93.2356	927.5057	4965.1491
-93.2483	928.6278	4965.1379
-93.2611	929.7499	4965.1270
-93.2739	930.8721	4965.1163
-93.2868	931.9943	4965.1060
-93.2996	933.1166	4965.0959
-93.3126	934.2389	4965.0861
-93.3255	935.3613	4965.0766
-93.3385	936.4838	4965.0673
-93.3515	937.6063	4965.0584
-93.3646	938.7289	4965.0497
-93.3777	939.8515	4965.0414
-93.3908	940.9742	4965.0334
-93.4040	942.0970	4965.0256
-93.4172	943.2198	4965.0182
-93.4304	944.3427	4965.0111
-93.4437	945.4656	4965.0044
-93.4571	946.5886	4964.9979
-93.4704	947.7117	4964.9918
-93.4839	948.8349	4964.9860
-93.4973	949.9581	4964.9806
-93.5108	951.0814	4964.9755
-93.5244	952.2048	4964.9708
-93.5379	953.3282	4964.9664
-93.5516	954.4517	4964.9623
-93.5652	955.5753	4964.9587
-93.5790	956.6990	4964.9554
-93.5927	957.8228	4964.9525
-93.6065	958.9466	4964.9499
-93.6204	960.0705	4964.9478
-93.6343	961.1945	4964.9460
-93.6483	962.3186	4964.9446
-93.6623	963.4427	4964.9437
-93.6763	964.5670	4964.9431
-93.6904	965.6913	4964.9429
-93.7046	966.8157	4964.9432
-93.7188	967.9403	4964.9439
-93.7330	969.0649	4964.9450
-93.7473	970.1895	4964.9465
-93.7617	971.3143	4964.9485
-93.7761	972.4392	4964.9509
-93.7906	973.5642	4964.9537
-93.8051	974.6893	4964.9570
-93.8197	975.8144	4964.9608
-93.8343	976.9397	4964.9650
-93.8490	978.0651	4964.9697
-93.8637	979.1905	4964.9748
-93.8785	980.3161	4964.9805
-93.8934	981.4418	4964.9866
-93.9083	982.5676	4964.9932
-93.9233	983.6935	4965.0003
-93.9383	984.8195	4965.0079
-93.9534	985.9456	4965.0160
-93.9686	987.0718	4965.0247
-93.9838	988.1982	4965.0338
-93.9991	989.3246	4965.0435
-94.0145	990.4512	4965.0537
-94.0299	991.5779	4965.0644
-94.0454	992.7047	4965.0757
-94.0609	993.8316	4965.0875
-94.0765	994.9587	4965.0999
-94.0922	996.0858	4965.1129
-94.1080	997.2131	4965.1264
-94.1238	998.3405	4965.1405
-94.1397	999.4681	4965.1551
-94.1556	1000.5958	4965.1704
-94.1716	1001.7236	4965.1862
-94.1877	1002.8515	4965.2027
-94.2039	1003.9796	4965.2197
-94.2201	1005.1078	4965.2374
-94.2365	1006.2362	4965.2557
-94.2528	1007.3646	4965.2746
-94.2693	1008.4933	4965.2941
-94.2858	1009.6220	4965.3143
-94.3025	1010.7510	4965.3351
-94.3192	1011.8800	4965.3566
-94.3359	1013.0092	4965.3787
-94.3528	1014.1386	4965.4015
-94.3697	1015.2681	4965.4250
-94.3867	1016.3977	4965.4491
-94.4038	1017.5275	4965.4739
-94.4210	1018.6575	4965.4995
-94.4383	1019.7876	4965.5257
-94.4556	1020.9179	4965.5526
-94.4730	1022.0483	4965.5803
-94.4905	1023.1790	4965.6086
-94.5081	1024.3097	4965.6377
-94.5258	1025.4407	4965.6675
-94.5436	1026.5718	4965.6981
-94.5615	1027.7030	4965.7294
-94.5794	1028.8345	4965.7615
-94.5975	1029.9661	4965.7944
-94.6156	1031.0979	4965.8280
-94.6338	1032.2298	4965.8624
-94.6521	1033.3620	4965.8976
-94.6706	1034.4943	4965.9336
-94.6891	1035.6268	4965.9704
-94.7077	1036.7595	4966.0080
-94.7264	1037.8924	4966.0464
-94.7452	1039.0254	4966.0856
-94.7641	1040.1587	4966.1257
-94.7831	1041.2921	4966.1666
-94.8022	1042.4258	4966.2084
-94.8214	1043.5596	4966.2510
-94.8407	1044.6936	4966.2945
-94.8601	1045.8279	4966.3389
-94.8796	1046.9623	4966.3842
-94.8992	1048.0970	4966.4303
-94.9189	1049.2318	4966.4774
-94.9388	1050.3668	4966.5253
-94.9587	1051.5021	4966.5742
-94.9787	1052.6376	4966.6240
-94.9989	1053.7733	4966.6747
-95.0192	1054.9092	4966.7264
-95.0395	1056.0453	4966.7790
-95.0600	1057.1816	4966.8326
-95.0806	1058.3182	4966.8872
-95.1014	1059.4550	4966.9427
-95.1222	1060.5920	4966.9992
-95.1432	1061.7293	4967.0567
-95.1642	1062.8667	4967.1152
-95.1854	1064.0044	4967.1747
-95.2067	1065.1424	4967.2353
-95.2282	1066.2806	4967.2968
-95.2497	1067.4190	4967.3595
-95.2714	1068.5577	4967.4231
-95.2932	1069.6966	4967.4878
-95.3151	1070.8357	4967.5536
-95.3372	1071.9751	4967.6205
-95.3594	1073.1148	4967.6884
-95.3817	1074.2547	4967.7575
-95.4041	1075.3949	4967.8276
-95.4267	1076.5353	4967.8989
-95.4494	1077.6760	4967.9712
-95.4722	1078.8169	4968.0447
-95.4952	1079.9582	4968.1194
-95.5183	1081.0996	4968.1952
-95.5416	1082.2414	4968.2722
-95.5649	1083.3834	4968.3503
-95.5885	1084.5257	4968.4296
-95.6121	1085.6683	4968.5102
