-153.8229	-260.8719	5862.2748
-153.8366	-259.5393	5862.2930
-153.8503	-258.2069	5862.3103
-153.8639	-256.8746	5862.3268
-153.8775	-255.5424	5862.3425
-153.8910	-254.2104	5862.3574
-153.9043	-252.8785	5862.3715
-153.9177	-251.5467	5862.3848
-153.9309	-250.2150	5862.3972
-153.9441	-248.8834	5862.4090
-153.9572	-247.5520	5862.4199
-153.9703	-246.2207	5862.4302
-153.9833	-244.8895	5862.4397
-153.9962	-243.5584	5862.4484
-154.0090	-242.2274	5862.4565
-154.0218	-240.8965	5862.4638
-154.0345	-239.5658	5862.4705
-154.0472	-238.2351	5862.4765
-154.0598	-236.9046	5862.4818
-154.0724	-235.5742	5862.4864
-154.0849	-234.2438	5862.4904
-154.0973	-232.9136	5862.4938
-154.1097	-231.5835	5862.4966
-154.1220	-230.2535	5862.4987
-154.1342	-228.9235	5862.5002
-154.1464	-227.5937	5862.5011
-154.1586	-226.2640	5862.5015
-154.1707	-224.9343	5862.5013
-154.1828	-223.6048	5862.5005
-154.1948	-222.2753	5862.4991
-154.2067	-220.9460	5862.4972
-154.2186	-219.6167	5862.4948
-154.2305	-218.2875	5862.4918
-154.2423	-216.9584	5862.4883
-154.2540	-215.6294	5862.4843
-154.2658	-214.3004	5862.4798
-154.2774	-212.9716	5862.4749
-154.2891	-211.6428	5862.4694
-154.3006	-210.3141	5862.4635
-154.3122	-208.9855	5862.4571
-154.3237	-207.6570	5862.4502
-154.3351	-206.3285	5862.4430
-154.3466	-205.0001	5862.4352
-154.3579	-203.6718	5862.4271
-154.3693	-202.3436	5862.4185
-154.3806	-201.0154	5862.4095
-154.3919	-199.6873	5862.4001
-154.4031	-198.3593	5862.3904
-154.4143	-197.0314	5862.3802
-154.4255	-195.7035	5862.3697
-154.4366	-194.3757	5862.3588
-154.4477	-193.0479	5862.3475
-154.4587	-191.7202	5862.3359
-154.4698	-190.3926	5862.3239
-154.4808	-189.0650	5862.3116
-154.4917	-187.7375	5862.2990
-154.5027	-186.4101	5862.2860
-154.5136	-185.0827	5862.2728
-154.5245	-183.7554	5862.2592
-154.5353	-182.4281	5862.2453
-154.5462	-181.1009	5862.2312
-154.5570	-179.7737	5862.2167
-154.5677	-178.4466	5862.2020
-154.5785	-177.1195	5862.1870
-154.5892	-175.7925	5862.1717
-154.5999	-174.4656	5862.1562
-154.6106	-173.1387	5862.1404
-154.6212	-171.8118	5862.1244
-154.6319	-170.4850	5862.1082
-154.6425	-169.1583	5862.0917
-154.6531	-167.8316	5862.0750
-154.6636	-166.5049	5862.0581
-154.6742	-165.1783	5862.0410
-154.6847	-163.8517	5862.0236
-154.6952	-162.5251	5862.0061
-154.7057	-161.1986	5861.9884
-154.7162	-159.8722	5861.9705
-154.7267	-158.5458	5861.9524
-154.7371	-157.2194	5861.9342
-154.7475	-155.8931	5861.9158
-154.7580	-154.5668	5861.8972
-154.7683	-153.2405	5861.8784
-154.7787	-151.9143	5861.8596
-154.7891	-150.5881	5861.8405
-154.7995	-149.2619	5861.8214
-154.8098	-147.9358	5861.8021
-154.8201	-146.6097	5861.7827
-154.8304	-145.2836	5861.7631
-154.8408	-143.9576	5861.7435
-154.8511	-142.6316	5861.7237
-154.8613	-141.3056	5861.7038
-154.8716	-139.9797	5861.6839
-154.8819	-138.6538	5861.6638
-154.8921	-137.3279	5861.6437
-154.9024	-136.0020	5861.6234
-154.9126	-134.6762	5861.6031
-154.9229	-133.3504	5861.5827
-154.9331	-132.0246	5861.5622
-154.9433	-130.6988	5861.5417
-154.9535	-129.3731	5861.5211
-154.9637	-128.0474	5861.5005
-154.9739	-126.7217	5861.4798
-154.9841	-125.3960	5861.4591
-154.9943	-124.0703	5861.4383
-155.0045	-122.7447	5861.4175
-155.0147	-121.4191	5861.3966
-155.0249	-120.0935	5861.3757
-155.0351	-118.7679	5861.3548
-155.0453	-117.4424	5861.3339
-155.0554	-116.1168	5861.3129
-155.0656	-114.7913	5861.2920
-155.0758	-113.4658	5861.2710
-155.0859	-112.1403	5861.2501
-155.0961	-110.8148	5861.2291
-155.1063	-109.4893	5861.2081
-155.1165	-108.1639	5861.1872
-155.1266	-106.8384	5861.1662
-155.1368	-105.5130	5861.1453
-155.1470	-104.1876	5861.1244
-155.1571	-102.8622	5861.1035
-155.1673	-101.5368	5861.0826
-155.1775	-100.2114	5861.0618
-155.1877	-98.8860	5861.0410
-155.1979	-97.5607	5861.0202
-155.2080	-96.2353	5860.9995
-155.2182	-94.9099	5860.9788
-155.2284	-93.5846	5860.9581
-155.2386	-92.2593	5860.9375
-155.2488	-90.9339	5860.9170
-155.2590	-89.6086	5860.8965
-155.2692	-88.2833	5860.8761
-155.2794	-86.9580	5860.8557
-155.2897	-85.6327	5860.8354
-155.2999	-84.3074	5860.8152
-155.3101	-82.9821	5860.7950
-155.3203	-81.6568	5860.7749
-155.3306	-80.3315	5860.7549
-155.3408	-79.0062	5860.7349
-155.3511	-77.6809	5860.7150
-155.3614	-76.3557	5860.6952
-155.3716	-75.0304	5860.6755
-155.3819	-73.7051	5860.6559
-155.3922	-72.3798	5860.6364
-155.4025	-71.0545	5860.6170
-155.4128	-69.7293	5860.5976
-155.4231	-68.4040	5860.5784
-155.4334	-67.0787	5860.5592
-155.4437	-65.7534	5860.5402
-155.4541	-64.4281	5860.5213
-155.4644	-63.1029	5860.5024
-155.4748	-61.7776	5860.4837
-155.4852	-60.4523	5860.4651
-155.4955	-59.1270	5860.4466
-155.5059	-57.8017	5860.4282
-155.5163	-56.4764	5860.4099
-155.5267	-55.1511	5860.3918
-155.5371	-53.8258	5860.3737
-155.5476	-52.5005	5860.3558
-155.5580	-51.1752	5860.3380
-155.5685	-49.8499	5860.3203
-155.5789	-48.5245	5860.3028
-155.5894	-47.1992	5860.2854
-155.5999	-45.8739	5860.2681
-155.6104	-44.5485	5860.2509
-155.6209	-43.2232	5860.2339
-155.6314	-41.8979	5860.2170
-155.6420	-40.5725	5860.2002
-155.6525	-39.2471	5860.1836
-155.6631	-37.9218	5860.1671
-155.6736	-36.5964	5860.1508
-155.6842	-35.2710	5860.1346
-155.6948	-33.9456	5860.1185
-155.7054	-32.6202	5860.1026
-155.7161	-31.2948	5860.0868
-155.7267	-29.9694	5860.0712
-155.7373	-28.6440	5860.0557
-155.7480	-27.3185	5860.0403
-155.7587	-25.9931	5860.0251
-155.7694	-24.6676	5860.0101
-155.7801	-23.3422	5859.9952
-155.7908	-22.0167	5859.9804
-155.8016	-20.6912	5859.9658
-155.8123	-19.3657	5859.9514
-155.8231	-18.0402	5859.9371
-155.8339	-16.7147	5859.9229
-155.8446	-15.3892	5859.9089
-155.8555	-14.0637	5859.8951
-155.8663	-12.7381	5859.8814
-155.8771	-11.4126	5859.8679
-155.8880	-10.0870	5859.8545
-155.8988	-8.7615	5859.8413
-155.9097	-7.4359	5859.8283
-155.9206	-6.1103	5859.8154
-155.9315	-4.7847	5859.8027
-155.9425	-3.4591	5859.7901
-155.9534	-2.1334	5859.7777
-155.9644	-0.8078	5859.7654
-155.9753	0.5179	5859.7533
-155.9863	1.8435	5859.7414
-155.9973	3.1692	5859.7296
-156.0084	4.4949	5859.7180
-156.0194	5.8206	5859.7065
-156.0305	7.1463	5859.6952
-156.0415	8.4720	5859.6841
-156.0526	9.7977	5859.6731
-156.0637	11.1235	5859.6623
-156.0748	12.4493	5859.6517
-156.0860	13.7750	5859.6412
-156.0971	15.1008	5859.6309
-156.1083	16.4266	5859.6207
-156.1195	17.7524	5859.6107
-156.1307	19.0782	5859.6008
-156.1419	20.4041	5859.5912
-156.1531	21.7299	5859.5816
-156.1643	23.0558	5859.5723
-156.1756	24.3817	5859.5631
-156.1869	25.7075	5859.5540
-156.1982	27.0334	5859.5452
-156.2095	28.3594	5859.5364
-156.2208	29.6853	5859.5279
-156.2321	31.0112	5859.5195
-156.2435	32.3372	5859.5112
-156.2549	33.6631	5859.5032
-156.2663	34.9891	5859.4952
-156.2777	36.3151	5859.4875
-156.2891	37.6411	5859.4799
-156.3005	38.9671	5859.4724
-156.3120	40.2932	5859.4651
-156.3234	41.6192	5859.4580
-156.3349	42.9452	5859.4510
-156.3464	44.2713	5859.4442
-156.3579	45.5974	5859.4375
-156.3695	46.9235	5859.4310
-156.3810	48.2496	5859.4246
-156.3926	49.5757	5859.4184
-156.4042	50.9018	5859.4123
-156.4158	52.2280	5859.4064
-156.4274	53.5541	5859.4006
-156.4390	54.8803	5859.3950
-156.4507	56.2065	5859.3895
-156.4623	57.5327	5859.3842
-156.4740	58.8589	5859.3790
-156.4857	60.1851	5859.3740
-156.4974	61.5114	5859.3691
-156.5091	62.8376	5859.3644
-156.5209	64.1639	5859.3598
-156.5326	65.4901	5859.3554
-156.5444	66.8164	5859.3511
-156.5562	68.1427	5859.3469
-156.5680	69.4690	5859.3429
-156.5798	70.7953	5859.3390
-156.5916	72.1216	5859.3352
-156.6034	73.4480	5859.3316
-156.6153	74.7743	5859.3281
-156.6272	76.1007	5859.3248
-156.6391	77.4271	5859.3216
-156.6510	78.7535	5859.3185
-156.6629	80.0799	5859.3156
-156.6748	81.4063	5859.3128
-156.6868	82.7327	5859.3101
-156.6987	84.0591	5859.3075
-156.7107	85.3856	5859.3051
-156.7227	86.7120	5859.3028
-156.7347	88.0385	5859.3007
-156.7467	89.3650	5859.2986
-156.7588	90.6915	5859.2967
-156.7708	92.0179	5859.2949
-156.7829	93.3445	5859.2932
-156.7950	94.6710	5859.2916
-156.8071	95.9975	5859.2902
-156.8192	97.3240	5859.2889
-156.8313	98.6506	5859.2877
-156.8434	99.9771	5859.2866
-156.8556	101.3037	5859.2856
-156.8677	102.6303	5859.2847
-156.8799	103.9569	5859.2840
-156.8921	105.2835	5859.2833
-156.9043	106.6101	5859.2828
-156.9165	107.9367	5859.2823
-156.9287	109.2633	5859.2820
-156.9410	110.5899	5859.2818
-156.9532	111.9166	5859.2816
-156.9655	113.2432	5859.2816
-156.9778	114.5699	5859.2817
-156.9900	115.8965	5859.2818
-157.0023	117.2232	5859.2821
-157.0147	118.5499	5859.2825
-157.0270	119.8766	5859.2829
-157.0393	121.2033	5859.2835
-157.0517	122.5300	5859.2841
-157.0640	123.8567	5859.2848
-157.0764	125.1834	5859.2856
-157.0888	126.5101	5859.2865
-157.1012	127.8369	5859.2875
-157.1136	129.1636	5859.2886
-157.1260	130.4903	5859.2898
-157.1385	131.8171	5859.2910
-157.1509	133.1439	5859.2923
-157.1634	134.4706	5859.2937
-157.1759	135.7974	5859.2951
-157.1883	137.1242	5859.2967
-157.2008	138.4509	5859.2983
-157.2133	139.7777	5859.3000
-157.2258	141.1045	5859.3017
-157.2384	142.4313	5859.3035
-157.2509	143.7581	5859.3054
-157.2634	145.0849	5859.3073
-157.2760	146.4117	5859.3094
-157.2885	147.7386	5859.3114
-157.3011	149.0654	5859.3136
-157.3137	150.3922	5859.3157
-157.3263	151.7190	5859.3180
-157.3389	153.0459	5859.3203
-157.3515	154.3727	5859.3226
-157.3641	155.6995	5859.3250
-157.3768	157.0264	5859.3275
-157.3894	158.3532	5859.3300
-157.4021	159.6801	5859.3325
-157.4147	161.0069	5859.3351
-157.4274	162.3338	5859.3378
-157.4401	163.6606	5859.3404
-157.4527	164.9875	5859.3431
-157.4654	166.3143	5859.3459
-157.4781	167.6412	5859.3487
-157.4908	168.9681	5859.3515
-157.5036	170.2949	5859.3544
-157.5163	171.6218	5859.3572
-157.5290	172.9487	5859.3602
-157.5418	174.2755	5859.3631
-157.5545	175.6024	5859.3661
-157.5673	176.9293	5859.3691
-157.5800	178.2561	5859.3721
-157.5928	179.5830	5859.3751
-157.6056	180.9099	5859.3782
-157.6184	182.2367	5859.3813
-157.6312	183.5636	5859.3844
-157.6440	184.8905	5859.3875
-157.6568	186.2173	5859.3906
-157.6696	187.5442	5859.3937
-157.6824	188.8711	5859.3968
-157.6952	190.1979	5859.4000
-157.7080	191.5248	5859.4031
-157.7209	192.8516	5859.4063
-157.7337	194.1785	5859.4094
-157.7466	195.5053	5859.4126
-157.7594	196.8322	5859.4158
-157.7723	198.1590	5859.4189
-157.7852	199.4859	5859.4221
-157.7980	200.8127	5859.4252
-157.8109	202.1396	5859.4283
-157.8238	203.4664	5859.4315
-157.8367	204.7932	5859.4346
-157.8496	206.1201	5859.4377
-157.8625	207.4469	5859.4408
-157.8754	208.7737	5859.4438
-157.8883	210.1005	5859.4469
-157.9012	211.4273	5859.4499
-157.9141	212.7541	5859.4529
-157.9270	214.0809	5859.4559
-157.9399	215.4077	5859.4588
-157.9528	216.7345	5859.4618
-157.9658	218.0613	5859.4647
-157.9787	219.3881	5859.4676
-157.9916	220.7149	5859.4704
-158.0046	222.0416	5859.4732
-158.0175	223.3684	5859.4760
-158.0305	224.6952	5859.4787
-158.0434	226.0219	5859.4814
-158.0564	227.3486	5859.4841
-158.0693	228.6754	5859.4867
-158.0823	230.0021	5859.4892
-158.0952	231.3288	5859.4918
-158.1082	232.6555	5859.4942
-158.1212	233.9822	5859.4967
-158.1341	235.3089	5859.4990
-158.1471	236.6356	5859.5014
-158.1601	237.9623	5859.5036
-158.1730	239.2890	5859.5059
-158.1860	240.6156	5859.5080
-158.1990	241.9423	5859.5101
-158.2119	243.2689	5859.5122
-158.2249	244.5956	5859.5142
-158.2379	245.9222	5859.5161
-158.2509	247.2488	5859.5179
-158.2639	248.5754	5859.5197
-158.2768	249.9020	5859.5214
-158.2898	251.2286	5859.5231
-158.3028	252.5552	5859.5247
-158.3158	253.8817	5859.5262
-158.3288	255.2083	5859.5276
-158.3418	256.5348	5859.5289
-158.3547	257.8614	5859.5302
-158.3677	259.1879	5859.5314
-158.3807	260.5144	5859.5325
-158.3937	261.8409	5859.5336
-158.4067	263.1674	5859.5345
-158.4196	264.4938	5859.5354
-158.4326	265.8203	5859.5362
-158.4456	267.1467	5859.5369
-158.4586	268.4732	5859.5375
-158.4716	269.7996	5859.5380
-158.4845	271.1260	5859.5384
-158.4975	272.4524	5859.5387
-158.5105	273.7788	5859.5389
-158.5235	275.1051	5859.5391
-158.5364	276.4315	5859.5391
-158.5494	277.7578	5859.5390
-158.5624	279.0841	5859.5389
-158.5754	280.4105	5859.5386
-158.5883	281.7367	5859.5382
-158.6013	283.0630	5859.5377
-158.6142	284.3893	5859.5372
-158.6272	285.7155	5859.5365
-158.6402	287.0418	5859.5357
-158.6531	288.3680	5859.5347
-158.6661	289.6942	5859.5337
-158.6790	291.0204	5859.5326
-158.6920	292.3466	5859.5313
-158.7049	293.6727	5859.5299
-158.7179	294.9989	5859.5284
-158.7308	296.3250	5859.5268
-158.7437	297.6511	5859.5251
-158.7567	298.9772	5859.5232
-158.7696	300.3033	5859.5213
-158.7825	301.6293	5859.5192
-158.7954	302.9554	5859.5169
-158.8084	304.2814	5859.5146
-158.8213	305.6074	5859.5121
-158.8342	306.9334	5859.5095
-158.8471	308.2594	5859.5067
-158.8600	309.5853	5859.5039
-158.8729	310.9112	5859.5008
-158.8858	312.2372	5859.4977
-158.8987	313.5631	5859.4944
-158.9116	314.8889	5859.4910
-158.9245	316.2148	5859.4875
-158.9373	317.5406	5859.4838
-158.9502	318.8665	5859.4799
-158.9631	320.1923	5859.4760
-158.9760	321.5180	5859.4718
-158.9888	322.8438	5859.4676
-159.0017	324.1696	5859.4632
-159.0145	325.4953	5859.4586
-159.0274	326.8210	5859.4539
-159.0402	328.1467	5859.4491
-159.0531	329.4723	5859.4441
-159.0659	330.7980	5859.4389
-159.0787	332.1236	5859.4337
-159.0915	333.4492	5859.4282
-159.1043	334.7748	5859.4226
-159.1172	336.1004	5859.4168
-159.1300	337.4259	5859.4109
-159.1428	338.7514	5859.4049
-159.1555	340.0769	5859.3987
-159.1683	341.4024	5859.3923
-159.1811	342.7279	5859.3857
-159.1939	344.0533	5859.3790
-159.2067	345.3787	5859.3722
-159.2194	346.7041	5859.3652
-159.2322	348.0295	5859.3580
-159.2449	349.3548	5859.3506
-159.2577	350.6802	5859.3431
-159.2704	352.0055	5859.3354
-159.2831	353.3308	5859.3276
-159.2959	354.6560	5859.3196
-159.3086	355.9813	5859.3114
-159.3213	357.3065	5859.3031
-159.3340	358.6317	5859.2946
-159.3467	359.9568	5859.2859
-159.3594	361.2820	5859.2770
-159.3721	362.6071	5859.2680
-159.3847	363.9322	5859.2588
-159.3974	365.2573	5859.2494
-159.4101	366.5823	5859.2399
-159.4227	367.9074	5859.2302
-159.4354	369.2324	5859.2203
-159.4480	370.5574	5859.2102
-159.4607	371.8823	5859.1999
-159.4733	373.2073	5859.1895
-159.4859	374.5322	5859.1789
-159.4985	375.8571	5859.1681
-159.5111	377.1819	5859.1572
-159.5237	378.5068	5859.1460
-159.5363	379.8316	5859.1347
-159.5489	381.1564	5859.1232
-159.5615	382.4812	5859.1116
-159.5741	383.8059	5859.0997
-159.5866	385.1306	5859.0876
-159.5992	386.4553	5859.0754
-159.6117	387.7800	5859.0630
-159.6243	389.1046	5859.0504
-159.6368	390.4292	5859.0376
-159.6493	391.7538	5859.0247
-159.6618	393.0784	5859.0115
-159.6744	394.4030	5858.9982
-159.6869	395.7275	5858.9847
-159.6994	397.0520	5858.9710
-159.7118	398.3764	5858.9571
-159.7243	399.7009	5858.9430
-159.7368	401.0253	5858.9288
-159.7492	402.3497	5858.9143
-159.7617	403.6741	5858.8997
-159.7741	404.9984	5858.8849
-159.7866	406.3227	5858.8698
-159.7990	407.6470	5858.8546
-159.8114	408.9713	5858.8392
-159.8238	410.2955	5858.8237
-159.8363	411.6197	5858.8079
-159.8487	412.9439	5858.7919
-159.8610	414.2681	5858.7758
-159.8734	415.5922	5858.7594
-159.8858	416.9163	5858.7429
-159.8982	418.2404	5858.7262
-159.9105	419.5645	5858.7093
-159.9229	420.8885	5858.6922
-159.9352	422.2125	5858.6749
-159.9475	423.5365	5858.6574
-159.9599	424.8605	5858.6397
-159.9722	426.1844	5858.6218
-159.9845	427.5083	5858.6038
-159.9968	428.8322	5858.5855
-160.0091	430.1560	5858.5671
-160.0214	431.4799	5858.5485
-160.0336	432.8037	5858.5296
-160.0459	434.1274	5858.5106
-160.0582	435.4512	5858.4914
-160.0704	436.7749	5858.4720
-160.0827	438.0986	5858.4524
-160.0949	439.4223	5858.4327
-160.1071	440.7459	5858.4127
-160.1193	442.0695	5858.3925
-160.1316	443.3931	5858.3722
-160.1438	444.7167	5858.3517
-160.1560	446.0402	5858.3309
-160.1681	447.3637	5858.3100
-160.1803	448.6872	5858.2889
-160.1925	450.0107	5858.2676
-160.2047	451.3341	5858.2461
-160.2168	452.6575	5858.2244
-160.2290	453.9809	5858.2025
-160.2411	455.3043	5858.1805
-160.2532	456.6276	5858.1582
-160.2653	457.9509	5858.1358
-160.2775	459.2742	5858.1132
-160.2896	460.5974	5858.0904
-160.3017	461.9206	5858.0674
-160.3138	463.2438	5858.0442
-160.3258	464.5670	5858.0208
-160.3379	465.8902	5857.9973
-160.3500	467.2133	5857.9735
-160.3620	468.5364	5857.9496
-160.3741	469.8594	5857.9255
-160.3861	471.1825	5857.9012
-160.3982	472.5055	5857.8767
-160.4102	473.8285	5857.8520
-160.4222	475.1515	5857.8272
-160.4343	476.4744	5857.8022
-160.4463	477.7973	5857.7770
-160.4583	479.1202	5857.7516
-160.4703	480.4431	5857.7260
-160.4822	481.7659	5857.7002
-160.4942	483.0887	5857.6743
-160.5062	484.4115	5857.6482
-160.5182	485.7343	5857.6219
-160.5301	487.0570	5857.5954
-160.5421	488.3797	5857.5688
-160.5540	489.7024	5857.5419
-160.5660	491.0251	5857.5149
-160.5779	492.3477	5857.4877
-160.5898	493.6703	5857.4604
-160.6017	494.9929	5857.4329
-160.6136	496.3154	5857.4052
-160.6255	497.6380	5857.3773
-160.6374	498.9605	5857.3492
-160.6493	500.2830	5857.3210
-160.6612	501.6054	5857.2926
-160.6731	502.9279	5857.2641
-160.6850	504.2503	5857.2354
-160.6968	505.5727	5857.2065
-160.7087	506.8951	5857.1774
-160.7205	508.2174	5857.1482
-160.7324	509.5397	5857.1188
-160.7442	510.8620	5857.0892
-160.7561	512.1843	5857.0595
-160.7679	513.5065	5857.0296
-160.7797	514.8287	5856.9996
-160.7915	516.1509	5856.9694
-160.8033	517.4731	5856.9390
-160.8151	518.7953	5856.9085
-160.8270	520.1174	5856.8778
-160.8387	521.4395	5856.8470
-160.8505	522.7616	5856.8160
-160.8623	524.0836	5856.7848
-160.8741	525.4057	5856.7535
-160.8859	526.7277	5856.7221
-160.8976	528.0497	5856.6905
-160.9094	529.3716	5856.6587
-160.9212	530.6936	5856.6268
-160.9329	532.0155	5856.5947
-160.9447	533.3374	5856.5625
-160.9564	534.6593	5856.5302
-160.9682	535.9812	5856.4977
-160.9799	537.3030	5856.4650
-160.9916	538.6248	5856.4323
-161.0034	539.9466	5856.3993
-161.0151	541.2684	5856.3663
-161.0268	542.5901	5856.3331
-161.0385	543.9118	5856.2997
-161.0502	545.2336	5856.2662
-161.0619	546.5552	5856.2326
-161.0736	547.8769	5856.1989
-161.0853	549.1985	5856.1650
-161.0970	550.5202	5856.1310
-161.1087	551.8418	5856.0968
-161.1204	553.1634	5856.0626
-161.1321	554.4849	5856.0282
-161.1438	555.8065	5855.9936
-161.1555	557.1280	5855.9590
-161.1672	558.4495	5855.9242
-161.1788	559.7710	5855.8893
-161.1905	561.0924	5855.8543
-161.2022	562.4139	5855.8192
-161.2138	563.7353	5855.7839
-161.2255	565.0567	5855.7485
-161.2372	566.3781	5855.7130
-161.2488	567.6995	5855.6774
-161.2605	569.0208	5855.6417
-161.2722	570.3422	5855.6059
-161.2838	571.6635	5855.5700
-161.2955	572.9848	5855.5339
-161.3071	574.3061	5855.4978
-161.3188	575.6273	5855.4615
-161.3304	576.9486	5855.4252
-161.3421	578.2698	5855.3887
-161.3537	579.5910	5855.3522
-161.3654	580.9122	5855.3155
-161.3770	582.2334	5855.2787
-161.3886	583.5545	5855.2419
-161.4003	584.8757	5855.2049
-161.4119	586.1968	5855.1679
-161.4236	587.5179	5855.1308
-161.4352	588.8390	5855.0936
-161.4469	590.1601	5855.0563
-161.4585	591.4812	5855.0189
-161.4701	592.8022	5854.9814
-161.4818	594.1233	5854.9439
-161.4934	595.4443	5854.9062
-161.5051	596.7653	5854.8685
-161.5167	598.0863	5854.8307
-161.5284	599.4073	5854.7929
-161.5400	600.7282	5854.7549
-161.5517	602.0492	5854.7169
-161.5633	603.3701	5854.6788
-161.5750	604.6910	5854.6407
-161.5866	606.0119	5854.6024
-161.5983	607.3328	5854.5642
-161.6099	608.6537	5854.5258
-161.6216	609.9746	5854.4874
-161.6332	611.2954	5854.4489
-161.6449	612.6163	5854.4104
-161.6565	613.9371	5854.3718
-161.6682	615.2579	5854.3332
-161.6799	616.5787	5854.2945
-161.6915	617.8995	5854.2558
-161.7032	619.2203	5854.2170
-161.7149	620.5411	5854.1782
-161.7266	621.8619	5854.1393
-161.7382	623.1826	5854.1004
-161.7499	624.5034	5854.0614
-161.7616	625.8241	5854.0224
-161.7733	627.1448	5853.9834
-161.7850	628.4655	5853.9443
-161.7967	629.7862	5853.9052
-161.8084	631.1069	5853.8661
-161.8201	632.4276	5853.8269
-161.8318	633.7483	5853.7877
-161.8435	635.0690	5853.7485
-161.8553	636.3896	5853.7093
-161.8670	637.7103	5853.6700
-161.8787	639.0309	5853.6307
-161.8904	640.3515	5853.5914
-161.9022	641.6722	5853.5521
-161.9139	642.9928	5853.5128
-161.9257	644.3134	5853.4735
-161.9374	645.6340	5853.4341
-161.9492	646.9546	5853.3948
-161.9610	648.2752	5853.3554
-161.9727	649.5958	5853.3160
-161.9845	650.9164	5853.2767
-161.9963	652.2370	5853.2373
-162.0081	653.5575	5853.1979
-162.0199	654.8781	5853.1586
-162.0317	656.1987	5853.1192
-162.0435	657.5192	5853.0799
-162.0553	658.8398	5853.0406
-162.0671	660.1603	5853.0013
-162.0790	661.4809	5852.9620
-162.0908	662.8014	5852.9227
-162.1027	664.1219	5852.8834
-162.1145	665.4425	5852.8442
-162.1264	666.7630	5852.8050
-162.1383	668.0835	5852.7658
-162.1501	669.4041	5852.7266
-162.1620	670.7246	5852.6875
-162.1739	672.0451	5852.6484
-162.1858	673.3656	5852.6093
-162.1978	674.6861	5852.5703
-162.2097	676.0067	5852.5313
-162.2216	677.3272	5852.4923
-162.2336	678.6477	5852.4534
-162.2455	679.9682	5852.4146
-162.2575	681.2887	5852.3758
-162.2694	682.6092	5852.3370
-162.2814	683.9298	5852.2983
-162.2934	685.2503	5852.2596
-162.3054	686.5708	5852.2210
-162.3174	687.8913	5852.1825
-162.3294	689.2118	5852.1440
-162.3415	690.5324	5852.1056
-162.3535	691.8529	5852.0673
-162.3656	693.1734	5852.0290
-162.3776	694.4939	5851.9908
-162.3897	695.8145	5851.9526
-162.4018	697.1350	5851.9145
-162.4139	698.4555	5851.8765
-162.4260	699.7761	5851.8386
-162.4382	701.0966	5851.8008
-162.4503	702.4172	5851.7630
-162.4624	703.7377	5851.7254
-162.4746	705.0583	5851.6878
-162.4868	706.3788	5851.6503
-162.4990	707.6994	5851.6129
-162.5112	709.0200	5851.5756
-162.5234	710.3406	5851.5384
-162.5356	711.6611	5851.5013
-162.5478	712.9817	5851.4643
-162.5601	714.3023	5851.4273
-162.5724	715.6229	5851.3905
-162.5846	716.9435	5851.3538
-162.5969	718.2642	5851.3172
-162.6092	719.5848	5851.2808
-162.6216	720.9054	5851.2444
-162.6339	722.2261	5851.2082
-162.6462	723.5467	5851.1720
-162.6586	724.8674	5851.1360
-162.6710	726.1880	5851.1001
-162.6834	727.5087	5851.0644
-162.6958	728.8294	5851.0287
-162.7082	730.1501	5850.9932
-162.7207	731.4708	5850.9578
-162.7331	732.7915	5850.9226
-162.7456	734.1122	5850.8875
-162.7581	735.4330	5850.8525
-162.7706	736.7537	5850.8177
-162.7831	738.0745	5850.7830
-162.7956	739.3952	5850.7485
-162.8082	740.7160	5850.7141
-162.8208	742.0368	5850.6798
-162.8333	743.3576	5850.6457
-162.8459	744.6784	5850.6118
-162.8586	745.9992	5850.5780
-162.8712	747.3201	5850.5443
-162.8838	748.6409	5850.5109
-162.8965	749.9618	5850.4776
-162.9092	751.2827	5850.4444
-162.9219	752.6036	5850.4114
-162.9346	753.9245	5850.3786
-162.9474	755.2454	5850.3460
-162.9601	756.5664	5850.3135
-162.9729	757.8873	5850.2812
-162.9857	759.2083	5850.2491
-162.9985	760.5293	5850.2172
-163.0114	761.8503	5850.1854
-163.0242	763.1713	5850.1538
-163.0371	764.4923	5850.1224
-163.0500	765.8134	5850.0912
-163.0629	767.1345	5850.0602
-163.0758	768.4556	5850.0294
-163.0888	769.7767	5849.9988
-163.1017	771.0978	5849.9683
-163.1147	772.4189	5849.9381
-163.1277	773.7401	5849.9080
-163.1407	775.0613	5849.8782
-163.1538	776.3825	5849.8486
-163.1669	777.7037	5849.8191
-163.1799	779.0249	5849.7899
-163.1931	780.3462	5849.7609
-163.2062	781.6674	5849.7321
-163.2193	782.9887	5849.7035
-163.2325	784.3100	5849.6751
-163.2457	785.6314	5849.6470
-163.2589	786.9527	5849.6191
-163.2721	788.2741	5849.5913
-163.2854	789.5955	5849.5639
-163.2987	790.9169	5849.5366
-163.3120	792.2383	5849.5096
-163.3253	793.5598	5849.4827
-163.3386	794.8813	5849.4562
-163.3520	796.2028	5849.4298
-163.3654	797.5243	5849.4037
-163.3788	798.8459	5849.3778
-163.3922	800.1675	5849.3522
-163.4056	801.4891	5849.3268
-163.4191	802.8107	5849.3017
-163.4326	804.1323	5849.2768
-163.4461	805.4540	5849.2521
-163.4597	806.7757	5849.2277
-163.4732	808.0974	5849.2035
-163.4868	809.4192	5849.1796
-163.5004	810.7409	5849.1559
-163.5140	812.0627	5849.1325
-163.5277	813.3845	5849.1094
-163.5414	814.7064	5849.0865
-163.5551	816.0283	5849.0638
-163.5688	817.3502	5849.0415
-163.5825	818.6721	5849.0194
-163.5963	819.9940	5848.9975
-163.6101	821.3160	5848.9759
-163.6239	822.6380	5848.9546
-163.6378	823.9600	5848.9336
-163.6516	825.2821	5848.9128
-163.6655	826.6042	5848.8923
-163.6794	827.9263	5848.8721
-163.6934	829.2484	5848.8521
-163.7073	830.5706	5848.8325
-163.7213	831.8928	5848.8131
-163.7353	833.2150	5848.7940
-163.7494	834.5373	5848.7751
-163.7634	835.8596	5848.7566
-163.7775	837.1819	5848.7383
-163.7916	838.5042	5848.7203
-163.8057	839.8266	5848.7027
-163.8199	841.1490	5848.6853
-163.8341	842.4715	5848.6681
-163.8483	843.7939	5848.6513
-163.8625	845.1164	5848.6348
-163.8768	846.4389	5848.6186
-163.8910	847.7615	5848.6026
-163.9053	849.0841	5848.5870
-163.9197	850.4067	5848.5717
-163.9340	851.7294	5848.5566
-163.9484	853.0520	5848.5419
-163.9628	854.3748	5848.5274
-163.9772	855.6975	5848.5133
-163.9917	857.0203	5848.4995
-164.0062	858.3431	5848.4859
-164.0207	859.6659	5848.4727
-164.0352	860.9888	5848.4598
-164.0498	862.3117	5848.4472
-164.0643	863.6347	5848.4349
-164.0789	864.9576	5848.4229
-164.0936	866.2806	5848.4112
-164.1082	867.6037	5848.3999
-164.1229	868.9267	5848.3888
-164.1376	870.2499	5848.3781
-164.1524	871.5730	5848.3677
-164.1671	872.8962	5848.3576
-164.1819	874.2194	5848.3478
-164.1967	875.5426	5848.3383
-164.2115	876.8659	5848.3292
-164.2264	878.1892	5848.3203
-164.2413	879.5126	5848.3118
-164.2562	880.8359	5848.3036
-164.2711	882.1593	5848.2958
-164.2861	883.4828	5848.2882
-164.3011	884.8063	5848.2810
-164.3161	886.1298	5848.2741
-164.3311	887.4534	5848.2675
-164.3462	888.7769	5848.2613
-164.3613	890.1006	5848.2554
-164.3764	891.4242	5848.2498
-164.3915	892.7479	5848.2445
-164.4067	894.0717	5848.2395
-164.4219	895.3954	5848.2349
-164.4371	896.7192	5848.2306
-164.4523	898.0431	5848.2267
-164.4676	899.3670	5848.2230
-164.4829	900.6909	5848.2197
-164.4982	902.0148	5848.2167
-164.5135	903.3388	5848.2141
-164.5289	904.6628	5848.2118
-164.5443	905.9869	5848.2098
-164.5597	907.3110	5848.2081
-164.5751	908.6351	5848.2068
-164.5906	909.9593	5848.2058
-164.6061	911.2835	5848.2051
-164.6216	912.6077	5848.2048
-164.6371	913.9320	5848.2047
-164.6527	915.2563	5848.2051
-164.6683	916.5807	5848.2057
-164.6839	917.9050	5848.2067
-164.6995	919.2295	5848.2080
-164.7152	920.5539	5848.2096
-164.7308	921.8784	5848.2116
-164.7465	923.2030	5848.2139
-164.7623	924.5275	5848.2165
-164.7780	925.8521	5848.2195
-164.7938	927.1768	5848.2228
-164.8096	928.5015	5848.2264
-164.8254	929.8262	5848.2303
-164.8412	931.1510	5848.2346
-164.8571	932.4758	5848.2392
-164.8730	933.8006	5848.2441
-164.8889	935.1255	5848.2493
-164.9048	936.4504	5848.2549
-164.9208	937.7753	5848.2608
-164.9368	939.1003	5848.2670
-164.9528	940.4253	5848.2736
-164.9688	941.7504	5848.2804
-164.9848	943.0755	5848.2876
-165.0009	944.4006	5848.2951
-165.0170	945.7257	5848.3029
-165.0331	947.0509	5848.3111
-165.0492	948.3762	5848.3196
-165.0654	949.7015	5848.3283
-165.0816	951.0268	5848.3374
-165.0978	952.3521	5848.3468
-165.1140	953.6775	5848.3566
-165.1302	955.0029	5848.3666
-165.1465	956.3284	5848.3770
-165.1627	957.6539	5848.3876
-165.1790	958.9794	5848.3986
-165.1953	960.3050	5848.4099
-165.2117	961.6306	5848.4215
-165.2280	962.9562	5848.4334
-165.2444	964.2819	5848.4456
-165.2608	965.6076	5848.4581
-165.2772	966.9333	5848.4709
-165.2936	968.2591	5848.4840
-165.3101	969.5849	5848.4974
-165.3265	970.9108	5848.5111
-165.3430	972.2367	5848.5250
-165.3595	973.5626	5848.5393
-165.3760	974.8885	5848.5539
-165.3926	976.2145	5848.5688
-165.4091	977.5405	5848.5839
-165.4257	978.8666	5848.5994
-165.4423	980.1927	5848.6151
-165.4589	981.5188	5848.6311
-165.4755	982.8450	5848.6474
-165.4921	984.1712	5848.6639
-165.5088	985.4974	5848.6808
-165.5254	986.8236	5848.6979
-165.5421	988.1499	5848.7152
-165.5588	989.4763	5848.7329
-165.5755	990.8026	5848.7508
-165.5922	992.1290	5848.7690
-165.6089	993.4554	5848.7874
-165.6257	994.7819	5848.8061
-165.6424	996.1084	5848.8251
-165.6592	997.4349	5848.8443
-165.6760	998.7614	5848.8638
-165.6928	1000.0880	5848.8835
-165.7096	1001.4146	5848.9034
-165.7264	1002.7413	5848.9236
-165.7432	1004.0679	5848.9441
-165.7600	1005.3946	5848.9648
-165.7769	1006.7213	5848.9857
-165.7937	1008.0481	5849.0068
-165.8106	1009.3749	5849.0282
-165.8275	1010.7017	5849.0498
-165.8444	1012.0286	5849.0716
-165.8613	1013.3554	5849.0937
-165.8782	1014.6823	5849.1159
-165.8951	1016.0092	5849.1384
-165.9120	1017.3362	5849.1611
-165.9289	1018.6632	5849.1840
-165.9458	1019.9902	5849.2070
-165.9628	1021.3172	5849.2303
-165.9797	1022.6443	5849.2538
-165.9966	1023.9714	5849.2775
-166.0136	1025.2985	5849.3013
-166.0305	1026.6256	5849.3254
-166.0475	1027.9528	5849.3496
-166.0645	1029.2800	5849.3740
-166.0814	1030.6072	5849.3986
-166.0984	1031.9344	5849.4233
-166.1154	1033.2616	5849.4482
-166.1323	1034.5889	5849.4733
-166.1493	1035.9162	5849.4985
-166.1663	1037.2435	5849.5239
-166.1832	1038.5709	5849.5494
-166.2002	1039.8982	5849.5751
-166.2172	1041.2256	5849.6009
-166.2342	1042.5530	5849.6268
-166.2511	1043.8804	5849.6529
-166.2681	1045.2079	5849.6791
-166.2851	1046.5353	5849.7054
-166.3020	1047.8628	5849.7319
-166.3190	1049.1903	5849.7584
-166.3359	1050.5178	5849.7850
-166.3529	1051.8453	5849.8118
-166.3698	1053.1729	5849.8386
-166.3868	1054.5004	5849.8656
-166.4037	1055.8280	5849.8926
-166.4206	1057.1556	5849.9197
-166.4375	1058.4832	5849.9469
-166.4544	1059.8108	5849.9741
-166.4713	1061.1384	5850.0014
-166.4882	1062.4661	5850.0288
-166.5051	1063.7937	5850.0562
-166.5220	1065.1214	5850.0837
-166.5388	1066.4491	5850.1112
-166.5557	1067.7767	5850.1388
-166.5725	1069.1044	5850.1663
-166.5893	1070.4321	5850.1940
-166.6062	1071.7598	5850.2216
-166.6229	1073.0876	5850.2492
-166.6397	1074.4153	5850.2769
-166.6565	1075.7430	5850.3045
-166.6732	1077.0707	5850.3322
-166.6900	1078.3985	5850.3598
-166.7067	1079.7262	5850.3874
-166.7234	1081.0540	5850.4150
-166.7401	1082.3817	5850.4426
-166.7567	1083.7095	5850.4701
-166.7734	1085.0372	5850.4976
-166.7900	1086.3650	5850.5250
-166.8066	1087.6927	5850.5523
-166.8232	1089.0205	5850.5797
-166.8397	1090.3482	5850.6069
-166.8563	1091.6760	5850.6340
-166.8728	1093.0037	5850.6611
-166.8892	1094.3315	5850.6881
-166.9057	1095.6592	5850.7150
-166.9221	1096.9870	5850.7417
-166.9385	1098.3147	5850.7684
-166.9549	1099.6424	5850.7949
-166.9713	1100.9701	5850.8213
-166.9876	1102.2978	5850.8476
-167.0039	1103.6255	5850.8737
-167.0201	1104.9532	5850.8997
-167.0363	1106.2809	5850.9255
-167.0525	1107.6086	5850.9511
-167.0687	1108.9362	5850.9766
-167.0848	1110.2639	5851.0019
-167.1009	1111.5915	5851.0269
-167.1170	1112.9191	5851.0518
-167.1330	1114.2467	5851.0765
-167.1490	1115.5743	5851.1009
-167.1649	1116.9019	5851.1252
-167.1808	1118.2294	5851.1492
-167.1967	1119.5569	5851.1729
-167.2125	1120.8844	5851.1964
-167.2283	1122.2119	5851.2196
-167.2440	1123.5394	5851.2426
-167.2597	1124.8668	5851.2653
-167.2753	1126.1942	5851.2877
-167.2909	1127.5216	5851.3098
-167.3065	1128.8490	5851.3316
-167.3220	1130.1763	5851.3530
-167.3375	1131.5036	5851.3742
-167.3529	1132.8309	5851.3950
-167.3682	1134.1581	5851.4155
-167.3836	1135.4854	5851.4356
-167.3988	1136.8125	5851.4553
-167.4140	1138.1397	5851.4747
-167.4292	1139.4668	5851.4937
-167.4443	1140.7939	5851.5123
-167.4593	1142.1209	5851.5305
-167.4743	1143.4479	5851.5483
-167.4892	1144.7749	5851.5656
-167.5041	1146.1018	5851.5825
-167.5189	1147.4287	5851.5990
-167.5336	1148.7556	5851.6150
-167.5483	1150.0824	5851.6305
-167.5630	1151.4091	5851.6456
-167.5775	1152.7359	5851.6602
-167.5920	1154.0625	5851.6743
-167.6064	1155.3891	5851.6878
-167.6208	1156.7157	5851.7009
-167.6351	1158.0422	5851.7134
-167.6493	1159.3687	5851.7253
-167.6634	1160.6951	5851.7367
-167.6775	1162.0215	5851.7476
-167.6915	1163.3478	5851.7578
-167.7055	1164.6740	5851.7675
-167.7193	1166.0002	5851.7766
-167.7331	1167.3263	5851.7850
-167.7468	1168.6524	5851.7928
-167.7604	1169.9784	5851.8000
-167.7739	1171.3044	5851.8065
-167.7874	1172.6303	5851.8124
-167.8008	1173.9561	5851.8176
-167.8141	1175.2818	5851.8221
-167.8273	1176.6075	5851.8259
-167.8404	1177.9331	5851.8290
-167.8535	1179.2587	5851.8313
-167.8664	1180.5841	5851.8329
-167.8793	1181.9095	5851.8338
-167.8920	1183.2348	5851.8339
-167.9047	1184.5601	5851.8332
-167.9173	1185.8852	5851.8317
-167.9298	1187.2103	5851.8294
-167.9422	1188.5353	5851.8263
-167.9545	1189.8602	5851.8224
-167.9667	1191.1851	5851.8176
-167.9787	1192.5098	5851.8120
-167.9907	1193.8345	5851.8054
-168.0026	1195.1591	5851.7980
-168.0144	1196.4835	5851.7897
-168.0261	1197.8079	5851.7805
-168.0377	1199.1322	5851.7703
-168.0491	1200.4564	5851.7592
-168.0605	1201.7805	5851.7471
-168.0717	1203.1045	5851.7341
-168.0829	1204.4285	5851.7200
-168.0939	1205.7523	5851.7050
-168.1048	1207.0760	5851.6889
-168.1156	1208.3996	5851.6718
-168.1263	1209.7231	5851.6536
-168.1368	1211.0464	5851.6344
-168.1472	1212.3697	5851.6141
-168.1575	1213.6929	5851.5927
-168.1677	1215.0159	5851.5702
-168.1778	1216.3389	5851.5465
-168.1877	1217.6617	5851.5217
-168.1975	1218.9844	5851.4958
-168.2072	1220.3070	5851.4686
-168.2167	1221.6294	5851.4403
-168.2261	1222.9517	5851.4107
-168.2354	1224.2739	5851.3800
-168.2445	1225.5960	5851.3480
-168.2535	1226.9180	5851.3147
-168.2624	1228.2398	5851.2801
-168.2711	1229.5615	5851.2443
-168.2796	1230.8830	5851.2071
-168.2881	1232.2044	5851.1686
-168.2964	1233.5257	5851.1288
-168.3045	1234.8469	5851.0876
-168.3125	1236.1679	5851.0450
-168.3203	1237.4887	5851.0010
-168.3280	1238.8094	5850.9556
-168.3355	1240.1300	5850.9088
-168.3429	1241.4504	5850.8605
-168.3501	1242.7706	5850.8107
-168.3571	1244.0907	5850.7595
-168.3640	1245.4106	5850.7067
-168.3708	1246.7304	5850.6524
-168.3773	1248.0500	5850.5966
-168.3837	1249.3695	5850.5392
-168.3899	1250.6888	5850.4802
-168.3960	1252.0079	5850.4196
-168.4019	1253.3269	5850.3574
-168.4076	1254.6457	5850.2936
-168.4131	1255.9643	5850.2281
-168.4185	1257.2827	5850.1609
-168.4237	1258.6010	5850.0920
-168.4287	1259.9191	5850.0214
-168.4335	1261.2370	5849.9490
-168.4381	1262.5547	5849.8749
-168.4426	1263.8722	5849.7990
-168.4468	1265.1895	5849.7213
-168.4509	1266.5067	5849.6418
-168.4548	1267.8236	5849.5605
-168.4584	1269.1404	5849.4772
-168.4619	1270.4570	5849.3921
-168.4652	1271.7733	5849.3051
-168.4683	1273.0895	5849.2162
-168.4712	1274.4054	5849.1253
-168.4738	1275.7212	5849.0325
-168.4763	1277.0367	5848.9376
-168.4786	1278.3520	5848.8408
