-151.66 516.13 2133.79
-151.18 515.64 2134.01
-151.17 511.09 2134.43
-151.17 509.06 2134.61
-151.16 506.03 2134.88
-151.16 501.48 2135.29
-151.15 496.42 2135.73
-151.27 487.73 2138.29
-151.37 469.93 2141.56
-151.22 455.94 2140.85
-150.74 452.43 2141.29
-150.74 449.41 2141.52
-150.73 442.36 2142.05
-150.84 431.63 2144.64
-150.84 429.62 2144.78
-150.22 416.72 2144.05
-150.22 412.20 2144.36
-150.82 403.97 2146.54
-150.81 402.97 2146.60
-150.33 394.95 2147.29
-150.33 394.44 2147.33
-150.32 389.42 2147.65
-150.32 387.92 2147.74
-150.32 380.39 2148.21
-150.31 376.38 2148.45
-150.31 373.87 2148.60
-150.31 369.86 2148.84
-150.31 367.35 2148.99
-150.30 362.34 2149.28
-150.30 358.83 2149.49
-150.30 354.32 2149.74
-150.29 350.31 2149.97
-150.29 346.81 2150.16
-150.41 339.07 2152.38
-149.80 330.30 2151.22
-149.80 326.80 2151.40
-149.80 323.30 2151.58
-149.79 318.30 2151.83
-149.79 310.80 2152.21
-149.91 301.05 2154.47
-149.78 298.31 2152.81
-149.78 294.31 2152.99
-149.90 288.55 2155.05
-149.90 283.05 2155.30
-149.90 282.55 2155.32
-149.90 271.06 2155.82
-149.89 258.58 2156.34
-149.89 252.09 2156.60
-149.89 247.60 2156.78
-149.89 242.11 2156.99
-149.89 240.12 2157.07
-149.89 230.14 2157.44
-149.89 229.64 2157.46
-149.89 225.65 2157.60
-149.89 220.67 2157.78
-149.76 214.01 2156.23
-149.89 207.71 2158.23
-149.89 205.21 2158.31
-149.76 199.57 2156.71
-149.16 199.92 2155.08
-149.89 193.26 2158.70
-149.89 188.77 2158.84
-150.01 181.94 2160.83
-149.89 173.33 2159.30
-149.89 165.86 2159.51
-149.89 161.88 2159.62
-149.89 157.90 2159.73
-150.50 153.53 2161.47
-150.50 150.55 2161.54
-150.50 145.07 2161.68
-150.50 140.58 2161.79
-150.38 136.99 2160.10
-150.50 135.11 2161.93
-150.50 130.62 2162.03
-150.38 123.06 2160.42
-150.38 119.08 2160.51
-150.51 115.19 2162.37
-150.51 110.71 2162.47
-150.51 107.72 2162.53
-150.51 104.24 2162.60
-150.39 99.68 2160.91
-150.51 96.77 2162.74
-150.39 91.72 2161.05
-150.39 87.74 2161.13
-150.40 83.76 2161.20
-150.40 80.28 2161.26
-151.00 76.36 2162.94
-151.00 75.36 2162.96
-151.01 68.40 2163.07
-151.01 64.91 2163.12
-151.02 56.45 2163.25
-151.02 52.47 2163.30
-151.02 48.99 2163.35
-151.02 45.01 2163.40
-151.63 37.08 2165.12
-151.51 31.57 2163.40
-151.64 28.61 2165.21
-150.91 25.09 2161.84
-150.92 21.61 2161.88
-150.92 17.13 2161.92
-151.65 15.66 2165.34
-151.53 10.18 2163.60
-151.53  6.20 2163.64
-151.54  2.22 2163.67
-151.54 -1.76 2163.70
-152.15 -9.73 2165.37
-152.03 -13.71 2163.61
-152.03 -16.69 2163.63
-152.04 -20.67 2163.65
-152.04 -24.65 2163.66
-152.17 -26.17 2165.45
-152.05 -32.62 2163.69
-152.05 -36.10 2163.70
-152.06 -40.08 2163.71
-152.67 -43.10 2165.35
-152.67 -49.58 2165.36
-152.56 -59.99 2163.58
-152.56 -63.48 2163.58
-152.57 -67.46 2163.57
-152.57 -70.94 2163.57
-152.58 -78.91 2163.55
-153.19 -81.46 2165.17
-153.20 -86.94 2165.16
-153.08 -91.85 2163.35
-153.08 -95.34 2163.34
-153.70 -101.40 2164.94
-153.70 -102.39 2164.93
-153.70 -107.38 2164.90
-153.58 -108.79 2163.11
-153.59 -114.27 2163.07
-154.32 -116.44 2166.47
-154.33 -122.93 2166.43
-154.34 -124.43 2166.41
-154.22 -129.31 2164.58
-154.22 -133.31 2164.55
-154.23 -137.79 2164.51
-154.24 -141.79 2164.47
-154.73 -149.76 2164.22
-154.74 -156.75 2164.14
-155.36 -166.36 2165.65
-155.24 -170.72 2163.80
-154.64 -175.58 2162.10
-155.25 -176.71 2163.71
-155.39 -180.86 2165.44
-155.39 -183.35 2165.40
-155.27 -188.20 2163.53
-155.76 -193.19 2163.29
-155.90 -196.85 2165.02
-155.92 -206.85 2164.84
-156.41 -213.85 2164.54
-156.41 -215.85 2164.50
-156.42 -219.85 2164.42
-157.04 -226.03 2165.93
-157.04 -226.53 2165.92
-156.92 -231.36 2164.01
-156.93 -235.87 2163.91
-157.57 -249.58 2165.22
-157.46 -255.39 2163.28
-157.46 -259.91 2163.16
-157.47 -263.92 2163.06
-157.48 -265.92 2163.00
-158.11 -275.16 2164.38
-158.62 -286.70 2163.88
-158.50 -290.49 2161.96
-158.51 -294.50 2161.84
-158.53 -306.56 2161.45
-159.02 -310.56 2161.15
-159.17 -314.84 2162.81
-159.67 -322.88 2162.36
-159.67 -324.39 2162.30
-159.69 -330.93 2162.07
-160.18 -334.95 2161.75
-160.82 -342.77 2163.09
-160.82 -343.27 2163.07
-160.83 -346.80 2162.93
-160.70 -350.05 2160.99
-160.72 -355.09 2160.79
-160.73 -359.12 2160.62
-161.37 -370.00 2161.80
-161.86 -372.51 2161.52
-161.89 -380.60 2161.16
-161.77 -386.35 2159.07
-162.42 -396.26 2160.25
-162.42 -396.77 2160.23
-162.93 -407.89 2159.50
-162.94 -409.92 2159.40
-162.83 -418.19 2157.15
-163.33 -424.25 2156.65
-163.34 -426.79 2156.52
-164.00 -438.79 2157.50
-163.89 -446.04 2155.26
-163.90 -451.12 2154.96
-164.40 -454.15 2154.60
-164.42 -460.75 2154.20
-164.42 -462.28 2154.11
-164.92 -466.84 2153.65
-164.92 -467.34 2153.62
-151.18 515.64 2134.01
-151.18 514.12 2134.15
-151.16 504.51 2135.02
-151.16 500.47 2135.38
-151.27 487.73 2138.29
-151.25 474.09 2139.42
-151.37 469.93 2141.56
-151.23 459.97 2140.54
-151.22 455.94 2140.85
-150.74 453.44 2141.22
-150.74 449.91 2141.49
-150.73 443.36 2141.98
-150.73 440.85 2142.16
-150.84 431.63 2144.64
-150.84 429.62 2144.78
-150.23 417.73 2143.98
-150.22 417.23 2144.01
-150.22 412.20 2144.36
-150.82 403.97 2146.54
-150.81 402.97 2146.60
-150.33 394.95 2147.29
-150.33 394.44 2147.33
-150.32 389.42 2147.65
-150.32 387.92 2147.74
-150.32 380.39 2148.21
-150.31 378.38 2148.33
-150.31 374.37 2148.57
-150.31 369.86 2148.84
-150.30 366.85 2149.02
-150.30 359.83 2149.43
-150.30 358.83 2149.49
-150.30 354.32 2149.74
-150.29 350.31 2149.97
-150.29 345.81 2150.22
-150.41 339.07 2152.38
-149.80 330.30 2151.22
-149.80 325.80 2151.45
-149.80 321.80 2151.66
-149.79 318.30 2151.83
-149.79 314.80 2152.01
-149.79 310.30 2152.23
-149.91 301.05 2154.47
-149.90 288.55 2155.05
-149.78 285.82 2153.38
-149.78 281.83 2153.56
-149.90 282.55 2155.32
-149.90 271.06 2155.82
-149.29 262.37 2154.56
-149.89 258.58 2156.34
-149.89 255.09 2156.48
-149.89 252.09 2156.60
-149.89 247.60 2156.78
-149.89 240.12 2157.07
-149.89 236.13 2157.22
-149.89 230.14 2157.44
-149.89 227.15 2157.55
-149.76 224.47 2155.86
-149.89 220.17 2157.80
-149.89 216.68 2157.92
-149.89 212.69 2158.06
-149.76 209.53 2156.38
-149.89 204.72 2158.33
-149.76 199.57 2156.71
-149.89 196.24 2158.60
-149.89 192.76 2158.71
-149.89 188.77 2158.84
-149.89 182.30 2159.03
-149.89 180.80 2159.08
-149.89 176.32 2159.21
-149.89 168.85 2159.43
-149.89 164.87 2159.54
-149.89 161.38 2159.63
-150.50 153.53 2161.47
-150.62 150.17 2163.34
-149.77 145.83 2158.26
-150.50 140.58 2161.79
-150.50 138.09 2161.85
-150.50 135.11 2161.93
-150.50 130.62 2162.03
-150.38 122.56 2160.43
-150.51 115.69 2162.36
-150.51 115.19 2162.37
-150.38 111.12 2160.68
-150.39 106.64 2160.77
-150.39 103.16 2160.84
-150.51 100.25 2162.68
-150.51 96.77 2162.74
-150.39 91.22 2161.06
-150.39 87.24 2161.14
-150.40 83.26 2161.20
-151.00 79.84 2162.89
-151.00 75.86 2162.95
-150.28 73.26 2159.59
-150.40 68.84 2161.44
-151.01 64.42 2163.13
-151.01 60.44 2163.19
-151.02 56.45 2163.25
-150.89 52.93 2161.51
-150.90 45.97 2161.60
-151.63 37.08 2165.12
-150.91 33.04 2161.76
-150.91 29.06 2161.80
-150.91 25.09 2161.84
-151.52 21.13 2163.51
-151.65 15.66 2165.34
-150.92 16.63 2161.92
-151.53  9.68 2163.61
-151.53  5.70 2163.64
-151.66  1.22 2165.46
-151.66  0.23 2165.47
-151.54 -5.74 2163.72
-152.03 -9.23 2163.58
-152.16 -13.22 2165.39
-152.16 -15.71 2165.41
-152.04 -25.15 2163.67
-152.05 -29.13 2163.68
-152.66 -34.63 2165.33
-152.66 -35.13 2165.33
-152.66 -42.10 2165.34
-151.94 -44.53 2161.94
-152.68 -52.57 2165.36
-152.68 -53.06 2165.36
-152.56 -60.49 2163.58
-152.56 -63.97 2163.58
-152.57 -67.96 2163.57
-152.57 -71.94 2163.57
-153.19 -79.97 2165.18
-153.07 -83.39 2163.38
-153.07 -88.37 2163.37
-153.08 -91.85 2163.35
-153.21 -94.92 2165.13
-153.70 -101.40 2164.94
-153.09 -102.81 2163.30
-153.58 -106.79 2163.12
-153.71 -110.87 2164.88
-154.32 -116.44 2166.47
-153.60 -121.24 2163.02
-154.21 -126.32 2164.61
-154.22 -129.81 2164.58
-154.22 -134.30 2164.54
-154.23 -138.29 2164.50
-154.11 -142.17 2162.67
-154.73 -149.76 2164.22
-154.73 -153.76 2164.17
-154.74 -158.25 2164.12
-154.75 -161.24 2164.08
-154.75 -164.74 2164.04
-155.24 -170.72 2163.80
-155.39 -180.36 2165.45
-155.39 -180.86 2165.44
-155.27 -185.21 2163.58
-155.89 -192.85 2165.09
-155.90 -196.85 2165.02
-155.90 -198.85 2164.98
-155.78 -203.19 2163.11
-155.92 -206.85 2164.84
-156.41 -213.85 2164.54
-156.42 -219.85 2164.42
-156.43 -223.86 2164.34
-157.04 -226.53 2165.92
-156.93 -232.86 2163.98
-156.93 -236.37 2163.90
-156.94 -239.87 2163.82
-157.57 -249.58 2165.22
-157.46 -255.90 2163.27
-157.46 -259.91 2163.16
-157.47 -263.42 2163.07
-157.48 -265.92 2163.00
-158.11 -274.16 2164.41
-158.11 -276.67 2164.34
-158.61 -281.68 2164.03
-158.62 -287.20 2163.87
-158.52 -299.02 2161.70
-158.53 -306.56 2161.45
-159.17 -314.34 2162.83
-159.17 -314.84 2162.81
-159.67 -322.88 2162.36
-159.67 -323.38 2162.34
-159.69 -330.93 2162.07
-160.18 -332.93 2161.82
-160.82 -342.77 2163.09
-160.82 -343.27 2163.07
-160.83 -346.80 2162.93
-160.72 -356.10 2160.74
-160.73 -358.62 2160.64
-161.22 -364.15 2160.24
-161.23 -366.68 2160.13
-161.89 -380.60 2161.16
-161.77 -386.86 2159.05
-162.42 -396.26 2160.25
-162.42 -396.77 2160.23
-162.93 -407.89 2159.50
-162.94 -409.92 2159.40
-162.83 -418.19 2157.15
-163.33 -424.25 2156.65
-163.34 -426.79 2156.52
-164.00 -438.28 2157.53
-163.89 -446.04 2155.26
-164.41 -459.23 2154.29
-164.42 -460.25 2154.23
-164.92 -467.34 2153.62
-151.18 515.64 2134.01
-151.17 511.09 2134.43
-151.16 503.50 2135.11
-151.16 500.47 2135.38
-151.27 487.73 2138.29
-151.37 469.93 2141.56
-151.23 459.97 2140.54
-151.22 455.94 2140.85
-150.74 452.43 2141.29
-150.74 447.39 2141.68
-150.73 443.36 2141.98
-150.84 431.63 2144.64
-150.84 429.62 2144.78
-150.23 417.73 2143.98
-150.22 417.23 2144.01
-150.22 412.20 2144.36
-150.82 403.97 2146.54
-150.81 402.97 2146.60
-150.33 394.95 2147.29
-150.33 394.44 2147.33
-150.32 387.92 2147.74
-150.32 380.39 2148.21
-150.31 378.38 2148.33
-150.31 372.87 2148.66
-150.31 367.85 2148.96
-150.30 362.34 2149.28
-150.30 361.84 2149.31
-150.30 358.83 2149.49
-150.29 353.32 2149.80
-150.29 348.81 2150.05
-150.41 339.57 2152.35
-150.41 339.07 2152.38
-149.80 328.80 2151.30
-149.80 324.30 2151.53
-149.80 320.80 2151.71
-149.79 317.80 2151.86
-149.79 312.80 2152.11
-149.91 301.05 2154.47
-149.78 293.31 2153.04
-149.90 288.55 2155.05
-149.90 283.05 2155.30
-149.90 282.55 2155.32
-149.77 273.34 2153.93
-149.17 265.65 2152.64
-149.89 258.58 2156.34
-149.89 255.09 2156.48
-149.89 250.60 2156.66
-149.89 247.60 2156.78
-149.89 242.11 2156.99
-149.89 237.62 2157.16
-149.89 236.13 2157.22
-149.89 226.65 2157.57
-149.89 223.16 2157.69
-149.89 219.17 2157.84
-149.76 214.01 2156.23
-149.76 210.53 2156.35
-149.89 207.71 2158.23
-149.89 204.72 2158.33
-149.89 199.23 2158.51
-149.89 196.24 2158.60
-149.28 189.62 2157.19
-149.89 187.78 2158.87
-150.01 181.94 2160.83
-149.89 175.82 2159.23
-149.76 176.68 2157.42
-149.89 168.35 2159.44
-149.89 164.37 2159.55
-149.89 160.39 2159.66
-149.77 154.79 2158.03
-149.77 154.29 2158.04
-150.50 148.55 2161.60
-150.50 145.07 2161.68
-150.50 140.58 2161.79
-150.38 136.99 2160.10
-150.50 130.62 2162.03
-150.38 121.56 2160.45
-150.51 115.69 2162.36
-150.38 113.11 2160.63
-150.38 111.12 2160.68
-150.51 105.73 2162.57
-150.51 101.75 2162.65
-150.39 98.18 2160.93
-150.39 94.20 2161.01
-150.39 90.23 2161.08
-150.52 82.83 2163.00
-151.00 78.85 2162.90
-150.28 73.26 2159.59
-151.01 68.40 2163.07
-151.01 67.40 2163.09
-151.01 63.42 2163.15
-151.01 59.94 2163.20
-151.02 52.47 2163.30
-151.02 48.00 2163.36
-151.02 44.01 2163.41
-151.03 40.03 2163.46
-150.91 33.04 2161.76
-150.91 32.54 2161.76
-151.64 28.61 2165.21
-151.52 24.61 2163.47
-150.92 21.61 2161.88
-151.53 12.67 2163.58
-151.53  8.69 2163.62
-151.66  1.22 2165.46
-151.54  1.72 2163.67
-151.42 -2.76 2161.92
-152.03 -8.23 2163.58
-152.15 -10.23 2165.38
-152.04 -18.18 2163.63
-152.04 -22.17 2163.65
-152.04 -25.65 2163.67
-152.17 -26.17 2165.45
-152.66 -34.63 2165.33
-152.05 -37.59 2163.71
-73.80 518.63 2149.91
-73.87 517.52 2151.80
-73.80 518.63 2149.91
-73.87 517.52 2151.80
-73.86 517.01 2151.84
-73.31 509.00 2150.82
-73.31 504.44 2151.18
-73.31 499.87 2151.53
-73.31 496.33 2151.81
-73.30 493.29 2152.04
-73.30 489.74 2152.30
-73.30 483.67 2152.76
-73.36 479.50 2154.86
-73.36 476.97 2155.04
-73.36 474.44 2155.22
-73.35 470.39 2155.51
-73.35 464.83 2155.90
-73.35 460.79 2156.19
-73.35 457.25 2156.43
-73.35 454.22 2156.64
-73.35 450.18 2156.91
-73.34 445.64 2157.21
-73.34 442.11 2157.44
-73.34 432.52 2158.06
-72.79 424.14 2156.94
-72.79 420.11 2157.19
-73.34 422.45 2158.70
-72.85 409.37 2159.63
-72.78 404.01 2158.16
-72.78 401.00 2158.34
-73.39 396.59 2162.03
-73.39 388.54 2162.48
-73.33 384.21 2160.94
-72.78 378.90 2159.59
-73.33 376.68 2161.35
-73.39 373.46 2163.31
-73.39 370.45 2163.47
-72.84 362.13 2162.26
-72.83 345.59 2163.09
-72.77 338.30 2161.67
-72.77 337.80 2161.70
-73.32 334.55 2163.50
-72.83 327.05 2163.98
-72.83 324.55 2164.09
-73.38 314.78 2166.18
-73.38 314.28 2166.21
-73.38 307.27 2166.51
-72.83 302.53 2165.07
-73.38 299.26 2166.86
-73.38 290.75 2167.21
-73.38 287.25 2167.35
-73.38 280.75 2167.62
-73.38 275.25 2167.83
-73.38 271.75 2167.97
-73.38 267.25 2168.14
-73.38 263.25 2168.29
-73.38 259.76 2168.42
-73.38 256.76 2168.53
-73.38 250.77 2168.75
-73.38 247.77 2168.85
-73.38 243.77 2168.99
-73.38 239.78 2169.13
-73.44 231.48 2171.18
-73.33 229.61 2167.70
-73.39 224.31 2169.65
-73.39 221.31 2169.74
-73.45 216.50 2171.67
-73.45 212.01 2171.80
-73.33 208.68 2168.37
-73.39 204.36 2170.26
-73.39 200.87 2170.37
-73.39 197.37 2170.47
-73.39 193.39 2170.58
-73.33 189.75 2168.92
-73.33 184.27 2169.07
-73.34 180.28 2169.18
-73.40 177.44 2171.02
-73.46 172.09 2172.93
-73.40 168.97 2171.24
-73.34 163.85 2169.60
-73.34 162.86 2169.63
-73.40 158.01 2171.51
-73.95 154.14 2173.25
-73.34 149.92 2169.94
-73.35 146.93 2170.01
-73.89 140.57 2171.79
-73.96 138.69 2173.60
-73.90 135.09 2171.91
-73.90 126.13 2172.10
-73.90 122.15 2172.18
-73.96 118.26 2174.03
-73.91 111.20 2172.39
-73.91 106.72 2172.48
-73.91 103.24 2172.54
-73.91 98.76 2172.62
-74.46 95.85 2174.31
-73.91 93.28 2172.71
-74.46 83.40 2174.52
-74.47 79.41 2174.58
-74.41 73.38 2172.90
-74.41 72.38 2172.92
-74.47 64.47 2174.79
-74.42 58.45 2173.11
-74.42 53.48 2173.17
-74.42 48.50 2173.23
-74.97 41.07 2174.96
-74.98 37.09 2175.00
-74.98 33.11 2175.04
-74.98 29.13 2175.08
-74.92 19.65 2173.40
-74.92 19.15 2173.41
-75.48  9.71 2175.13
-75.48  6.23 2175.15
-75.48  1.75 2175.18
-75.55 -3.23 2176.99
-75.49 -5.72 2175.23
-75.49 -8.71 2175.25
-75.49 -13.19 2175.27
-75.50 -17.17 2175.29
-76.05 -21.17 2176.96
-75.50 -26.63 2175.33
-75.50 -29.12 2175.34
-75.50 -31.11 2175.35
-76.00 -37.59 2175.24
-76.00 -44.06 2175.26
-76.01 -50.53 2175.27
-76.56 -56.05 2176.92
-76.57 -64.03 2176.92
-76.57 -67.52 2176.91
-76.57 -71.51 2176.91
-76.58 -75.99 2176.91
-77.13 -78.55 2178.55
-77.07 -88.95 2176.75
-77.08 -91.45 2176.74
-77.02 -95.86 2174.95
-77.02 -102.84 2174.93
-77.02 -103.33 2174.92
-77.65 -113.48 2178.29
-77.65 -118.47 2178.26
-77.04 -120.78 2174.83
-77.60 -130.35 2176.40
-77.60 -134.35 2176.37
-77.67 -136.45 2178.13
-77.61 -141.83 2176.31
-78.17 -148.44 2177.89
-78.17 -153.44 2177.85
-78.11 -158.31 2176.02
-78.12 -161.80 2175.98
-78.12 -165.80 2175.93
-78.18 -167.93 2177.68
-78.19 -172.93 2177.62
-78.69 -181.93 2177.38
-78.14 -184.79 2175.69
-78.63 -189.78 2175.49
-78.70 -192.43 2177.23
-78.64 -200.78 2175.33
-79.20 -204.94 2176.91
-79.21 -209.44 2176.83
-79.77 -216.62 2178.36
-79.16 -224.29 2174.79
-79.16 -228.29 2174.72
-79.72 -232.97 2176.28
-79.73 -239.99 2176.13
-79.68 -248.31 2174.18
-80.30 -252.72 2177.52
-80.80 -259.24 2177.24
-80.80 -261.24 2177.19
-80.25 -267.57 2175.39
-80.75 -272.07 2175.15
-80.76 -279.10 2174.97
-80.76 -282.62 2174.88
-80.77 -286.63 2174.77
-81.27 -293.66 2174.45
-81.27 -299.19 2174.30
-81.28 -302.71 2174.20
-81.28 -306.73 2174.08
-81.85 -312.00 2175.58
-81.86 -319.04 2175.36
-81.80 -323.82 2173.42
-81.80 -326.34 2173.34
-82.43 -329.88 2176.68
-82.37 -335.66 2174.69
-82.37 -338.18 2174.61
-82.32 -345.47 2172.57
-82.32 -345.97 2172.55
-82.88 -351.28 2174.02
-82.90 -357.84 2173.78
-83.47 -366.71 2175.11
-83.97 -375.29 2174.65
-83.42 -378.54 2172.85
-83.92 -383.08 2172.54
-83.92 -387.13 2172.37
-84.49 -394.51 2173.73
-84.50 -397.05 2173.62
-84.50 -399.58 2173.51
-84.45 -406.35 2171.41
-84.52 -409.71 2173.06
-85.03 -416.80 2172.60
-84.47 -418.51 2170.86
-85.04 -426.95 2172.12
-85.54 -432.02 2171.74
-85.55 -434.56 2171.62
-85.56 -439.64 2171.37
-85.50 -443.86 2169.35
-86.07 -448.27 2170.79
-86.08 -453.36 2170.52
-86.09 -459.47 2170.20
-86.59 -466.59 2169.67
-86.60 -471.17 2169.42
-73.87 517.52 2151.80
-73.80 518.63 2149.91
-73.87 517.52 2151.80
-73.86 517.01 2151.84
-73.31 507.99 2150.90
-73.31 504.94 2151.14
-73.31 501.40 2151.41
-73.31 497.34 2151.73
-73.30 491.26 2152.19
-73.30 487.21 2152.49
-73.30 483.67 2152.76
-73.36 479.50 2154.86
-73.36 476.97 2155.04
-73.35 471.91 2155.40
-73.35 465.34 2155.87
-73.35 463.82 2155.97
-73.35 460.79 2156.19
-73.35 457.25 2156.43
-73.35 452.20 2156.77
-73.35 447.66 2157.08
-73.34 445.64 2157.21
-73.34 442.11 2157.44
-73.34 432.02 2158.10
-72.79 427.16 2156.75
-73.34 422.95 2158.67
-73.34 422.45 2158.70
-72.79 412.06 2157.68
-72.79 406.53 2158.01
-72.78 404.01 2158.16
-73.39 396.59 2162.03
-72.78 392.46 2158.83
-73.33 388.74 2160.69
-73.39 383.51 2162.76
-73.39 382.01 2162.85
-73.39 377.48 2163.09
-73.39 373.46 2163.31
-72.78 368.36 2160.15
-72.84 364.64 2162.13
-72.84 361.13 2162.31
-73.38 356.89 2164.17
-72.78 352.32 2160.98
-72.78 350.82 2161.06
-72.83 345.08 2163.12
-72.83 341.58 2163.29
-72.83 337.57 2163.48
-72.77 333.29 2161.91
-72.77 325.79 2162.26
-72.83 321.04 2164.25
-73.38 314.78 2166.18
-73.38 314.28 2166.21
-73.38 308.77 2166.45
-73.38 307.27 2166.51
-73.38 299.76 2166.84
-73.38 299.26 2166.86
-73.38 290.75 2167.21
-72.83 291.03 2165.56
-73.38 287.25 2167.35
-73.38 283.25 2167.52
-73.38 280.75 2167.62
-73.38 274.75 2167.85
-73.38 270.25 2168.03
-73.38 267.25 2168.14
-73.38 263.25 2168.29
-73.38 259.26 2168.44
-73.38 256.76 2168.53
-73.38 250.77 2168.75
-73.38 247.27 2168.87
-73.44 244.47 2170.74
-73.38 236.29 2169.25
-73.33 229.61 2167.70
-73.39 227.30 2169.55
-73.39 224.31 2169.65
-73.45 216.50 2171.67
-73.39 215.33 2169.93
-72.84 212.17 2168.39
-73.33 208.68 2168.37
-73.39 204.36 2170.26
-73.39 196.38 2170.50
-73.33 190.24 2168.90
-73.39 188.40 2170.72
-73.39 184.91 2170.82
-73.39 180.93 2170.93
-73.34 179.29 2169.21
-73.40 172.45 2171.15
-73.40 168.97 2171.24
-73.40 164.98 2171.34
-73.40 161.49 2171.43
-73.40 157.01 2171.54
-73.34 149.92 2169.94
-73.34 149.42 2169.95
-73.35 146.93 2170.01
-73.89 140.57 2171.79
-73.90 137.09 2171.87
-73.90 126.13 2172.10
-73.90 122.15 2172.18
-73.90 118.67 2172.25
-73.90 115.18 2172.32
-73.91 109.71 2172.42
-73.91 106.72 2172.48
-73.91 102.74 2172.55
-73.91 98.76 2172.62
-73.91 94.78 2172.69
-73.91 93.28 2172.71
-74.46 86.88 2174.46
-74.46 83.40 2174.52
-74.47 78.91 2174.59
-74.41 73.38 2172.90
-74.41 72.38 2172.92
-74.47 67.46 2174.75
-75.02 62.53 2176.46
-74.42 58.45 2173.11
-74.42 56.46 2173.13
-74.42 53.48 2173.17
-74.42 48.50 2173.23
-74.97 40.58 2174.96
-74.98 36.59 2175.01
-74.98 32.61 2175.05
-74.98 28.63 2175.09
-74.98 24.65 2175.12
-74.92 19.65 2173.40
-74.99 13.20 2175.22
-75.48  9.71 2175.13
-75.48  6.23 2175.15
-75.48  1.75 2175.18
-75.49 -2.24 2175.21
-75.49 -5.72 2175.23
-75.49 -8.71 2175.25
-75.49 -13.69 2175.28
-75.50 -17.67 2175.30
-75.50 -18.67 2175.30
-75.50 -26.63 2175.33
-75.50 -29.62 2175.34
-76.00 -37.59 2175.24
-76.00 -41.07 2175.25
-76.00 -44.06 2175.26
-76.01 -50.53 2175.27
-76.56 -60.54 2176.92
-76.57 -64.53 2176.92
-76.52 -78.92 2175.13
-77.07 -82.97 2176.77
-77.07 -88.95 2176.75
-77.08 -91.95 2176.74
-77.02 -95.86 2174.95
-77.02 -99.35 2174.94
-77.02 -103.33 2174.92
-77.64 -108.99 2178.31
-77.64 -111.98 2178.30
-77.03 -115.30 2174.86
-77.04 -120.78 2174.83
-77.59 -123.37 2176.45
-77.59 -126.86 2176.43
-77.60 -138.34 2176.34
-77.61 -142.83 2176.30
-78.16 -146.44 2177.91
-78.17 -152.44 2177.86
-78.11 -154.31 2176.06
-78.12 -162.30 2175.97
-78.18 -166.93 2177.70
-78.19 -172.43 2177.63
-78.13 -173.79 2175.84
-78.13 -178.29 2175.78
-78.14 -182.29 2175.73
-78.69 -186.43 2177.32
-78.70 -191.43 2177.25
-78.64 -193.28 2175.44
-78.64 -197.28 2175.38
-78.64 -201.28 2175.32
-79.26 -204.10 2178.70
-79.21 -212.95 2176.77
-79.21 -216.95 2176.70
-79.71 -221.45 2176.49
-79.71 -223.96 2176.45
-79.72 -230.97 2176.31
-79.72 -233.48 2176.27
-79.73 -237.48 2176.19
-80.29 -243.18 2177.72
-80.29 -245.69 2177.67
-80.30 -251.71 2177.54
-80.23 -253.02 2175.73
-80.24 -256.53 2175.65
-80.80 -260.24 2177.22
-80.75 -272.58 2175.14
-80.75 -276.59 2175.03
-80.76 -279.10 2174.97
-80.77 -287.64 2174.75
-81.27 -293.66 2174.45
-81.27 -294.16 2174.44
-81.27 -299.69 2174.28
-81.84 -308.47 2175.68
-81.86 -319.55 2175.35
-81.86 -323.58 2175.22
-82.43 -328.87 2176.71
-81.81 -331.88 2173.16
-82.38 -339.19 2174.57
-82.89 -351.79 2174.00
-82.90 -357.84 2173.78
-83.46 -363.17 2175.25
-83.47 -366.71 2175.11
-83.41 -371.47 2173.13
-83.41 -374.50 2173.01
-83.98 -379.85 2174.47
-83.98 -382.37 2174.36
-83.99 -388.45 2174.11
-83.94 -395.22 2172.03
-83.94 -398.76 2171.88
-84.51 -404.14 2173.31
-84.52 -408.70 2173.11
-84.52 -409.71 2173.06
-85.03 -420.86 2172.41
-85.04 -426.95 2172.12
-85.55 -432.53 2171.72
-85.56 -439.64 2171.37
-86.08 -452.85 2170.55
-86.08 -455.91 2170.39
-86.09 -459.47 2170.20
-86.60 -470.15 2169.48
-86.60 -471.17 2169.42
-73.87 517.52 2151.80
-73.80 518.63 2149.91
-73.87 517.52 2151.80
-73.86 517.01 2151.84
-73.31 511.03 2150.66
-73.31 507.99 2150.90
-73.31 499.37 2151.57
-73.30 494.81 2151.92
-73.30 491.26 2152.19
-73.30 488.73 2152.38
-73.36 479.50 2154.86
-73.36 479.00 2154.89
-73.36 474.44 2155.22
-73.35 470.90 2155.48
-73.35 470.39 2155.51
-73.35 465.34 2155.87
-73.35 460.79 2156.19
-73.35 454.73 2156.60
-73.35 451.70 2156.81
-73.35 448.16 2157.04
-73.34 445.64 2157.21
-72.79 438.74 2156.01
-73.34 432.52 2158.06
-73.34 431.01 2158.16
-73.34 426.98 2158.42
-73.34 422.95 2158.67
-72.79 419.10 2157.25
-72.79 414.57 2157.53
-72.79 411.05 2157.74
-72.85 407.35 2159.75
-72.78 398.48 2158.48
-73.33 391.25 2160.55
-73.33 388.74 2160.69
-73.39 383.51 2162.76
-72.78 378.90 2159.59
-72.78 370.87 2160.02
-73.39 370.45 2163.47
-72.84 364.14 2162.15
-72.84 360.13 2162.36
-72.78 353.33 2160.93
-72.78 351.32 2161.03
-72.83 341.07 2163.31
-72.83 337.07 2163.51
-73.32 334.05 2163.52
-72.83 330.55 2163.81
-72.83 321.04 2164.25
-73.32 315.03 2164.40
-72.83 312.53 2164.64
-73.38 308.77 2166.45
-73.38 307.27 2166.51
-73.38 299.76 2166.84
-73.38 299.26 2166.86
-73.32 293.02 2165.34
-73.38 289.75 2167.25
-73.38 285.25 2167.44
-73.38 281.25 2167.60
-72.83 277.54 2166.10
-73.38 274.25 2167.87
-73.38 270.25 2168.03
-73.38 266.25 2168.18
-73.38 262.26 2168.33
-73.38 259.26 2168.44
-73.38 256.76 2168.53
-73.38 250.77 2168.75
-73.44 244.97 2170.72
-72.84 242.59 2167.39
-72.84 238.10 2167.55
-73.38 234.79 2169.30
-73.44 231.48 2171.18
-73.33 224.63 2167.87
-73.39 218.82 2169.82
-73.45 216.00 2171.68
-73.45 211.51 2171.82
-73.39 203.86 2170.28
-73.39 195.38 2170.53
-73.39 191.39 2170.64
-73.39 187.90 2170.74
-73.33 183.77 2169.08
-73.34 179.29 2169.21
-73.40 175.94 2171.06
-73.40 172.45 2171.15
-73.46 171.59 2172.94
-73.34 163.85 2169.60
-73.34 162.86 2169.63
-73.40 156.01 2171.56
-73.34 149.92 2169.94
-73.35 146.93 2170.01
-73.89 140.57 2171.79
-73.90 136.59 2171.88
-73.90 135.09 2171.91
-73.90 126.13 2172.10
-73.90 124.64 2172.13
-73.90 120.66 2172.21
-73.90 116.18 2172.30
-73.90 112.69 2172.37
-73.91 109.71 2172.42
-73.91 105.72 2172.50
-73.91 101.74 2172.57
-73.91 97.76 2172.64
-73.91 93.78 2172.71
-74.46 89.87 2174.41
-74.46 85.89 2174.48
-74.47 82.40 2174.53
-74.41 73.38 2172.90
-74.41 72.38 2172.92
-74.47 66.47 2174.77
-74.42 58.45 2173.11
-75.03 55.06 2176.56
-74.48 51.53 2174.96
-74.42 48.50 2173.23
-74.97 39.58 2174.97
-74.98 35.60 2175.02
-74.98 32.11 2175.05
-74.98 28.13 2175.09
-74.92 19.65 2173.40
-74.92 19.15 2173.41
-74.99 12.20 2175.23
-75.48  9.71 2175.13
-75.48  6.23 2175.15
-75.48  1.75 2175.18
-75.49 -3.73 2175.22
-75.55 -9.21 2177.02
-75.49 -11.70 2175.27
-75.49 -14.68 2175.28
-75.50 -18.67 2175.30
-75.50 -26.63 2175.33
-75.50 -30.12 2175.35
-76.00 -37.59 2175.24
-76.00 -38.08 2175.24
 5.57 521.02 2163.72
 6.06 516.45 2164.16
 5.56 510.75 2166.26
 5.56 509.22 2166.37
 5.54 499.16 2165.31
 6.03 494.10 2165.76
 5.53 486.36 2167.97
 5.52 472.80 2167.09
 5.52 469.12 2169.11
 5.51 466.58 2169.27
 5.51 465.06 2169.37
 5.50 452.41 2170.16
 5.50 450.39 2170.29
 5.49 445.48 2168.81
 5.49 440.78 2170.87
 5.49 438.25 2171.02
 5.48 433.71 2171.29
 5.48 428.66 2171.58
 5.48 427.65 2171.64
 5.47 421.59 2171.99
 5.46 413.52 2172.44
 5.46 409.48 2172.66
 5.45 401.92 2173.07
 5.44 393.55 2171.74
 5.44 389.53 2171.95
 4.95 384.60 2175.64
 4.95 384.09 2175.67
 5.43 377.25 2174.34
 5.43 373.44 2172.76
 5.42 371.93 2172.84
 5.42 366.19 2174.88
 4.93 359.43 2176.87
 5.41 353.85 2173.70
 5.41 348.84 2173.93
 4.92 346.87 2177.45
 4.92 345.36 2177.52
 4.91 338.06 2176.08
 4.90 334.55 2176.24
 5.39 330.28 2174.75
 4.90 327.28 2178.31
 4.90 322.77 2178.51
 4.90 319.76 2178.63
 5.38 314.50 2177.18
 5.38 311.75 2175.53
 4.88 306.98 2177.39
 4.88 302.71 2179.32
 4.87 294.96 2177.86
 4.87 290.45 2178.03
 4.87 286.95 2178.16
 4.87 283.44 2178.29
 4.86 279.94 2178.42
 4.86 274.94 2178.60
 4.86 270.94 2178.75
 4.85 267.43 2178.87
 4.85 263.93 2178.99
 4.36 259.63 2180.80
 4.35 254.43 2179.22
 4.84 251.44 2179.41
 4.35 249.63 2181.14
 4.84 243.63 2181.43
 4.35 241.13 2181.41
 4.34 238.13 2181.51
 4.83 231.27 2178.30
 4.83 227.96 2180.16
 4.33 220.14 2182.05
 4.33 215.97 2180.42
 4.32 211.98 2180.53
 4.32 208.98 2180.61
 4.32 204.65 2182.49
 4.32 200.66 2182.60
 4.31 196.01 2180.97
 4.31 194.02 2181.02
 4.31 188.53 2181.16
 4.31 184.04 2181.28
 3.81 180.19 2183.04
 4.30 173.43 2179.79
 4.30 172.44 2179.81
 3.80 169.08 2181.55
 3.80 164.09 2181.67
 3.80 162.73 2183.45
 3.80 157.12 2181.82
 3.79 146.15 2182.06
 3.79 141.78 2183.91
 3.79 137.68 2182.24
 3.79 134.69 2182.30
 3.29 130.31 2184.04
 3.29 126.32 2184.12
 3.29 116.95 2186.05
 3.29 118.35 2184.27
 3.28 114.86 2184.33
 2.79 109.46 2186.09
 2.79 102.98 2186.20
 3.27 99.83 2182.83
 3.27 94.93 2184.67
 2.78 91.01 2186.39
 2.78 86.52 2186.46
 2.77 79.48 2184.80
 2.77 75.99 2184.85
 2.77 71.57 2186.67
 2.77 68.02 2184.96
 2.27 58.56 2184.98
 2.27 56.11 2186.77
 2.27 50.59 2185.08
 2.26 43.61 2185.15
 2.75 43.08 2183.50
 2.26 30.17 2185.28
 2.26 28.70 2187.05
 2.25 20.21 2185.37
 2.25 15.22 2185.41
 2.25 12.73 2185.43
 1.76  9.26 2187.12
 1.75  2.78 2188.92
 1.75  1.28 2187.17
 1.75 -1.71 2187.19
 1.75 -6.70 2187.22
 1.75 -10.18 2185.48
 1.74 -17.65 2185.51
 1.74 -23.63 2185.54
 1.74 -24.12 2185.54
 1.25 -29.63 2187.22
 1.24 -37.60 2187.25
 1.24 -41.09 2187.25
 1.24 -45.58 2187.26
 1.24 -53.10 2189.03
 1.24 -57.05 2187.27
 1.23 -64.48 2185.52
 1.23 -69.46 2185.51
 0.74 -73.01 2187.17
 1.23 -69.96 2185.51
 0.73 -84.98 2187.15
 0.73 -93.46 2187.13
 0.73 -97.37 2185.36
 0.73 -97.87 2185.36
 0.23 -108.01 2188.74
 0.23 -111.92 2186.96
 0.23 -116.91 2186.93
 0.23 -117.91 2186.93
 0.23 -121.90 2186.90
 0.23 -127.40 2186.87
-0.27 -131.99 2188.50
 0.23 -132.89 2186.83
-0.27 -138.49 2188.45
-0.27 -145.87 2186.63
-0.27 -150.98 2188.35
-0.28 -158.86 2186.51
-0.28 -159.86 2186.50
-0.77 -168.12 2189.85
-0.77 -171.12 2189.81
-0.78 -174.49 2188.01
-0.78 -182.49 2187.91
-0.78 -186.50 2187.86
-1.27 -193.50 2187.67
-1.28 -198.00 2187.61
-1.28 -202.01 2187.55
-1.28 -206.18 2189.25
-1.28 -210.69 2189.19
-1.28 -214.03 2187.36
-1.28 -221.37 2185.48
-1.78 -225.05 2187.08
-1.78 -230.74 2188.75
-1.28 -228.88 2185.35
-1.78 -235.58 2186.90
-1.78 -243.60 2186.74
-2.28 -244.79 2188.39
-1.78 -250.62 2186.61
-2.28 -260.36 2188.08
-2.28 -265.38 2187.97
-2.78 -272.91 2187.70
-2.78 -280.45 2187.53
-2.78 -284.98 2187.42
-2.78 -288.50 2187.33
-2.78 -291.29 2185.49
-2.78 -303.86 2185.16
-3.28 -304.60 2186.82
-3.28 -308.63 2186.71
-3.28 -310.90 2184.87
-3.28 -321.22 2186.36
-3.78 -325.50 2187.91
-3.78 -329.03 2187.81
-3.78 -332.30 2185.93
-3.78 -335.33 2185.84
-3.78 -339.87 2185.70
-4.28 -345.18 2187.21
-4.28 -348.71 2187.09
-3.78 -350.69 2183.57
-4.28 -356.01 2185.07
-4.28 -359.55 2184.95
-4.28 -364.38 2186.57
-4.28 -371.17 2184.55
-4.78 -374.70 2184.32
-4.78 -381.78 2184.06
-4.78 -383.10 2185.79
-4.78 -391.91 2183.68
-4.78 -395.45 2183.54
-5.28 -400.00 2183.26
-5.28 -405.90 2184.81
-5.28 -408.94 2184.68
-5.28 -411.15 2182.80
-5.28 -415.72 2182.61
-5.28 -419.27 2182.46
-5.78 -425.18 2183.89
-5.78 -431.44 2181.83
-5.78 -436.02 2181.62
-6.28 -439.91 2183.13
-6.28 -446.53 2182.82
-6.79 -455.54 2184.08
-6.28 -456.35 2180.56
-6.28 -460.43 2180.36
-6.79 -465.23 2183.61
-6.79 -465.74 2183.58
-6.78 -473.53 2181.39
 5.57 521.02 2163.72
 6.06 515.94 2164.20
 5.56 510.75 2166.26
 5.56 509.22 2166.37
 5.54 499.67 2165.27
 6.04 496.13 2165.62
 6.03 494.10 2165.76
 5.53 486.36 2167.97
 5.52 473.81 2167.03
 5.52 469.12 2169.11
 5.50 460.65 2167.87
 5.50 457.61 2168.06
 5.50 452.41 2170.16
 5.50 450.39 2170.29
 5.49 440.78 2170.87
 5.98 437.41 2169.40
 5.48 432.70 2171.35
 5.48 429.16 2171.55
 5.48 427.65 2171.64
 5.47 420.58 2172.04
 5.47 416.54 2172.27
 5.46 412.51 2172.49
 5.46 409.99 2172.63
 5.45 402.43 2173.04
 5.45 396.38 2173.36
 5.45 395.37 2173.41
 4.95 384.60 2175.64
 5.43 377.25 2174.34
 5.43 372.94 2172.79
 5.43 370.21 2174.69
 5.42 363.39 2173.25
 5.41 356.87 2173.56
 4.92 352.62 2175.42
 4.92 347.37 2177.43
 4.92 346.87 2177.45
 4.91 342.08 2175.90
 5.40 338.30 2174.40
 4.90 334.05 2176.26
 4.90 330.30 2178.19
 4.90 327.28 2178.31
 4.90 319.26 2178.65
 4.89 315.74 2178.80
 4.88 309.98 2177.27
 4.88 302.71 2179.32
 4.88 301.47 2177.61
 4.88 297.46 2177.76
 4.87 293.95 2177.90
 4.87 289.95 2178.05
 4.87 286.95 2178.16
 4.86 282.44 2178.33
 5.35 278.72 2176.80
 4.86 274.44 2178.62
 4.86 269.65 2180.55
 4.85 262.43 2179.04
 4.85 259.93 2179.13
 4.35 255.13 2180.96
 4.35 252.63 2181.04
 4.84 242.44 2179.71
 4.34 239.13 2181.48
 4.34 238.13 2181.51
 4.34 230.45 2179.99
 4.34 228.63 2181.80
 4.33 223.96 2180.18
 4.82 222.79 2178.55
 4.33 215.97 2180.42
 4.32 211.98 2180.53
 4.32 203.99 2180.75
 4.32 200.00 2180.86
 4.31 196.01 2180.97
 4.31 194.02 2181.02
 4.31 188.03 2181.18
 4.31 183.54 2181.29
 4.31 180.55 2181.37
 4.30 173.43 2179.79
 3.81 172.21 2183.23
 3.80 168.58 2181.56
 3.80 164.09 2181.67
 3.80 161.10 2181.73
 3.80 157.12 2181.82
 3.80 153.25 2183.67
 3.80 148.76 2183.76
 3.79 145.16 2182.08
 3.79 138.68 2182.22
 3.29 135.80 2183.94
 3.29 132.31 2184.01
 3.29 129.81 2184.05
 3.29 125.83 2184.13
 3.28 120.25 2182.48
 3.28 119.75 2182.49
 3.29 115.95 2186.07
 2.79 109.46 2186.09
 3.28 106.39 2184.48
 3.27 100.33 2182.82
 3.28 98.41 2184.61
 2.78 94.50 2186.34
 2.78 91.01 2186.39
 2.78 86.95 2184.69
 2.77 83.96 2184.74
 2.77 79.04 2186.57
 2.77 75.06 2186.62
 2.77 71.07 2186.68
 2.27 64.09 2186.67
 2.27 58.56 2184.98
 2.76 56.57 2185.10
 2.27 50.59 2185.08
 2.75 43.08 2183.50
 2.75 38.63 2185.30
 2.26 32.18 2187.02
 2.26 27.18 2185.31
 1.76 17.74 2188.81
 2.25 15.22 2185.41
 1.76 14.75 2188.84
 2.25  8.25 2185.46
 1.75  4.77 2187.15
 1.75  0.78 2187.17
 1.75 -3.70 2187.20
 1.75 -10.18 2185.48
 1.74 -15.16 2185.50
 1.75 -18.16 2187.27
 1.74 -23.63 2185.54
 1.74 -24.12 2185.54
 1.25 -30.12 2187.22
 1.25 -33.61 2187.24
 1.24 -38.10 2187.25
 1.24 -41.59 2187.25
 1.24 -46.08 2187.26
 1.24 -49.57 2187.27
 1.24 -52.56 2187.27
 1.24 -57.55 2187.27
 1.24 -61.54 2187.28
 1.23 -67.02 2187.27
 1.23 -69.46 2185.51
 1.23 -69.96 2185.51
 0.74 -74.50 2187.17
 0.74 -80.55 2188.92
 0.73 -84.55 2188.92
 0.73 -87.97 2187.15
 0.73 -97.37 2185.36
 0.23 -105.52 2188.75
 0.23 -108.93 2186.97
 0.23 -111.92 2186.96
 0.23 -116.91 2186.93
 0.23 -130.39 2186.85
-0.27 -136.49 2188.47
-0.27 -139.49 2188.45
-0.27 -143.49 2188.41
-0.27 -146.37 2186.63
-0.28 -154.98 2188.31
-0.77 -163.11 2189.90
-0.77 -166.98 2188.09
-0.77 -171.99 2188.04
-0.78 -174.99 2188.00
-0.78 -179.49 2187.95
-0.78 -183.49 2187.90
-0.78 -187.00 2187.85
-0.78 -189.00 2187.83
-1.28 -194.00 2187.66
-1.28 -198.00 2187.61
-1.28 -202.01 2187.55
-1.28 -210.02 2187.43
-1.28 -212.19 2189.16
-1.28 -218.04 2187.30
-1.78 -223.72 2188.88
-1.28 -221.87 2185.47
-1.28 -228.88 2185.35
-1.78 -233.75 2188.70
-1.78 -237.77 2188.62
-1.78 -241.78 2188.55
-1.78 -243.60 2186.74
-1.78 -249.62 2186.63
-2.28 -253.83 2188.21
-2.28 -260.65 2186.30
-2.28 -265.67 2186.19
-2.28 -267.68 2186.15
-2.78 -273.42 2187.69
-2.78 -278.16 2189.35
-2.78 -281.46 2187.50
-2.28 -283.75 2185.77
-2.78 -291.29 2185.49
-2.78 -297.05 2187.11
-3.28 -301.58 2186.90
-3.28 -304.60 2186.82
-3.28 -309.89 2184.90
-3.28 -310.90 2184.87
-3.78 -319.95 2188.07
-3.78 -320.96 2188.04
-3.28 -327.51 2184.40
-3.78 -332.81 2185.91
-3.78 -337.85 2185.76
-3.79 -342.66 2187.39
-3.78 -343.90 2185.57
-3.78 -348.95 2185.40
-4.28 -353.77 2186.93
-4.28 -355.79 2186.86
-4.78 -362.35 2186.54
-4.28 -363.59 2184.81
-4.28 -367.63 2184.67
-4.78 -374.20 2184.34
-4.78 -377.53 2186.00
-4.78 -381.58 2185.85
-4.78 -384.82 2183.95
-4.78 -387.86 2183.83
-4.79 -392.72 2185.43
-5.28 -397.28 2185.15
-5.28 -404.56 2183.07
-5.28 -407.60 2182.95
-5.78 -414.52 2184.35
-5.78 -422.64 2184.00
-5.78 -425.69 2183.87
-5.78 -428.40 2181.96
-6.28 -432.29 2183.48
-6.28 -439.41 2183.15
-6.28 -442.46 2183.01
-6.28 -446.53 2182.82
-6.28 -449.58 2182.68
-6.28 -453.30 2180.71
-6.79 -465.74 2183.58
-6.79 -474.04 2181.36
 5.56 510.75 2166.26
 5.56 509.22 2166.37
 6.04 503.24 2165.12
 5.54 499.67 2165.27
 6.04 496.13 2165.62
 5.53 486.36 2167.97
 6.02 480.91 2166.66
 5.52 473.81 2167.03
 5.52 469.12 2169.11
 5.51 465.06 2169.37
 5.50 460.65 2167.87
 5.50 452.41 2170.16
 5.49 448.51 2168.63
 5.49 440.78 2170.87
 5.48 435.73 2171.17
 5.48 433.20 2171.32
 5.48 428.66 2171.58
 5.47 422.60 2171.93
 5.47 419.24 2170.35
 5.47 416.54 2172.27
 5.46 413.52 2172.44
 5.46 409.48 2172.66
 5.45 403.12 2171.23
 5.45 399.59 2171.42
 5.45 397.39 2173.31
 5.45 395.37 2173.41
 5.44 389.53 2171.95
 5.44 385.00 2172.18
 4.95 384.09 2175.67
 5.43 376.75 2174.36
 5.43 374.24 2174.49
 5.43 368.20 2174.78
 5.42 363.89 2173.23
 4.93 359.43 2176.87
 4.93 358.93 2176.90
 5.41 348.84 2173.93
 4.91 344.08 2175.81
 4.92 345.36 2177.52
 4.91 338.06 2176.08
 4.90 330.30 2178.19
 4.90 329.03 2176.47
 5.39 323.27 2175.05
 4.90 321.76 2178.55
 4.89 316.25 2178.78
 4.88 308.98 2177.31
 4.88 304.97 2177.47
 4.88 300.96 2177.63
 4.88 297.46 2177.76
 4.87 288.95 2178.09
 4.87 284.44 2178.26
 4.86 281.44 2178.37
 4.86 278.44 2178.48
 4.86 269.65 2180.55
 4.86 269.94 2178.78
 4.85 265.93 2178.92
 4.36 259.63 2180.80
 4.36 258.63 2180.84
 4.35 255.13 2180.96
 4.84 250.94 2179.43
 4.84 245.94 2179.59
 4.84 241.94 2179.72
 4.34 239.13 2181.48
 4.34 233.63 2181.65
 4.83 230.77 2178.31
 4.33 225.96 2180.12
 4.34 226.81 2183.62
 4.33 218.47 2180.34
 4.32 209.98 2180.59
 4.32 206.49 2180.68
 4.32 203.00 2180.78
 4.32 200.66 2182.60
 4.31 195.01 2180.99
 4.31 189.03 2181.15
 4.31 186.53 2181.22
 4.31 183.54 2181.29
 3.81 179.69 2183.05
 3.81 176.20 2183.14
 4.30 172.44 2179.81
 3.80 163.60 2181.68
 3.80 160.23 2183.51
 3.80 156.24 2183.60
 3.80 157.12 2181.82
 3.79 146.15 2182.06
 3.79 144.16 2182.10
 3.79 140.78 2183.93
 3.29 135.80 2183.94
 3.79 134.69 2182.30
 3.29 128.32 2184.08
 3.29 124.83 2184.15
 3.29 116.95 2186.05
 3.28 113.36 2184.36
 3.28 108.88 2184.44
 3.28 105.39 2184.50
 2.78 100.90 2184.48
 3.28 97.42 2184.63
 3.27 94.93 2184.67
 2.78 87.95 2184.68
 2.78 84.46 2184.73
 2.78 81.60 2188.29
 2.78 81.10 2188.30
 2.77 73.50 2184.89
 2.77 70.57 2186.68
 2.27 66.08 2186.65
 2.27 62.09 2186.70
 2.76 56.57 2185.10
 2.27 50.59 2185.08
 2.27 46.68 2188.64
 2.26 43.61 2185.15
 2.75 38.63 2185.30
 2.26 30.17 2185.28
 2.26 27.18 2185.31
 2.26 22.71 2187.11
 1.76 17.74 2188.81
 2.25 15.22 2185.41
 2.25 12.24 2185.43
 2.25  8.25 2185.46
 1.75  4.27 2187.15
 1.75  1.78 2188.93
 1.75 -3.70 2187.20
 1.75 -9.18 2185.47
 1.75 -11.68 2187.24
 1.75 -15.67 2187.26
 1.25 -19.67 2188.95
 1.74 -23.63 2185.54
 1.74 -24.12 2185.54
 1.25 -30.12 2187.22
 1.24 -34.61 2187.24
 1.24 -38.10 2187.25
83.78 529.61 2171.04
84.21 529.71 2169.34
83.78 529.61 2171.04
84.21 529.71 2169.34
83.78 529.61 2171.04
83.82 521.87 2173.36
83.80 515.76 2173.79
83.80 515.25 2173.83
83.77 507.11 2174.39
83.69 500.11 2173.09
83.67 495.54 2173.39
83.59 490.08 2171.99
83.70 481.71 2176.05
83.70 481.21 2176.08
83.18 473.09 2176.52
83.17 470.56 2176.68
83.16 467.01 2176.90
83.08 460.07 2175.56
83.06 456.02 2175.80
83.06 452.48 2176.01
83.11 450.31 2177.89
82.60 444.74 2178.15
83.02 440.35 2176.71
83.01 435.31 2176.99
83.00 431.77 2177.19
83.06 426.56 2179.23
83.05 426.05 2179.26
82.98 420.68 2177.79
82.96 415.64 2178.06
82.96 412.61 2178.22
82.52 409.40 2180.08
82.51 405.87 2180.26
82.43 398.51 2178.88
82.42 395.99 2179.01
82.41 391.46 2179.23
82.40 388.95 2179.36
81.96 385.73 2181.20
82.39 380.40 2179.77
81.94 372.65 2181.82
81.99 369.92 2183.70
81.84 358.30 2180.73
81.84 357.29 2180.77
81.83 352.27 2180.99
81.82 348.26 2181.17
81.88 346.02 2183.02
81.87 340.50 2183.25
81.87 336.99 2183.40
81.86 332.98 2183.57
81.42 329.72 2185.39
81.41 325.21 2185.57
81.34 320.44 2184.01
81.76 312.18 2182.65
81.76 311.18 2182.69
81.38 306.65 2186.30
81.74 303.17 2183.00
81.73 295.67 2183.27
81.73 292.17 2183.40
81.36 294.12 2186.76
81.28 286.89 2185.27
81.28 282.88 2185.41
81.27 277.88 2185.59
81.20 275.17 2183.94
81.26 270.38 2185.84
80.82 266.59 2187.65
81.25 262.38 2186.11
81.24 257.88 2186.26
80.74 255.38 2186.27
80.36 253.78 2189.75
80.79 249.08 2188.22
81.16 243.70 2184.96
80.71 235.90 2186.87
80.77 232.09 2188.73
80.76 227.09 2188.87
80.69 218.43 2187.37
80.69 215.43 2187.45
80.68 211.44 2187.56
79.81 207.77 2191.02
80.17 198.97 2187.83
80.23 192.14 2189.74
80.22 188.64 2189.83
80.22 184.15 2189.94
80.15 176.53 2188.37
79.77 168.82 2191.98
79.70 165.70 2190.30
80.13 157.10 2188.81
80.12 153.61 2188.88
79.69 149.24 2190.65
80.12 149.62 2188.96
79.68 138.77 2190.86
79.68 138.28 2190.87
80.17 137.78 2190.94
79.67 127.81 2191.06
79.66 121.33 2191.18
79.66 117.34 2191.25
79.16 113.86 2191.24
79.16 110.37 2191.30
79.15 105.39 2191.38
79.15 97.91 2191.50
79.15 94.43 2191.55
79.15 92.44 2191.58
79.14 87.45 2191.65
79.07 77.43 2190.05
79.07 74.45 2190.09
79.57 73.45 2190.16
78.63 52.10 2192.03
78.69 55.63 2193.73
78.25 51.18 2195.46
78.63 51.60 2192.03
78.62 35.67 2192.19
78.18 27.22 2193.94
78.12 21.23 2192.25
78.12 16.75 2192.28
78.18 12.27 2194.06
77.68  8.79 2194.02
77.68  2.81 2194.06
77.61 -4.66 2192.35
77.17 -15.63 2194.09
77.17 -19.12 2194.10
77.17 -20.12 2194.10
77.67 -26.59 2194.19
77.17 -30.08 2194.14
77.17 -33.57 2194.15
77.17 -44.04 2194.17
77.61 -49.98 2192.50
77.61 -54.46 2192.50
77.17 -62.98 2194.18
77.17 -63.48 2194.18
76.74 -72.51 2195.85
76.74 -77.00 2195.85
76.74 -80.49 2195.84
76.74 -88.48 2195.82
76.68 -95.39 2194.05
76.68 -102.37 2194.03
76.24 -111.94 2195.67
76.25 -115.93 2195.65
75.81 -119.02 2197.31
76.25 -123.92 2195.60
76.25 -125.92 2195.59
76.19 -140.30 2193.73
75.82 -143.52 2197.14
76.19 -141.30 2193.73
75.76 -151.40 2195.32
75.76 -154.90 2195.29
75.76 -158.90 2195.25
75.77 -167.40 2195.17
75.77 -170.40 2195.13
75.77 -174.90 2195.08
75.28 -178.90 2194.97
75.78 -187.90 2194.93
75.28 -189.40 2194.84
75.28 -193.91 2194.78
75.41 -198.72 2198.23
75.35 -202.57 2196.42
75.29 -205.42 2194.62
75.79 -206.92 2194.66
74.86 -213.59 2196.19
74.86 -218.61 2196.11
74.87 -225.12 2196.00
74.87 -228.63 2195.94
74.82 -235.97 2194.06
74.38 -238.16 2195.71
74.38 -243.68 2195.61
74.83 -247.00 2193.85
74.83 -247.50 2193.84
74.40 -264.76 2195.19
74.41 -268.28 2195.11
74.41 -273.30 2195.00
73.92 -278.83 2194.81
74.42 -281.34 2194.82
74.36 -284.64 2192.98
74.36 -285.14 2192.97
73.94 -295.92 2194.40
73.56 -301.93 2197.71
73.95 -308.50 2194.08
73.96 -314.54 2193.92
73.47 -322.60 2193.63
73.48 -332.17 2193.36
73.45 -350.56 2191.03
73.01 -352.85 2192.66
73.07 -356.66 2194.30
73.03 -365.98 2192.23
73.03 -368.50 2192.14
72.59 -374.35 2193.64
73.04 -377.10 2191.84
72.61 -381.44 2193.39
73.06 -387.21 2191.48
72.62 -393.08 2192.97
72.57 -393.28 2191.19
72.59 -404.42 2190.76
72.59 -409.49 2190.56
72.66 -413.87 2192.16
72.63 -427.75 2189.81
72.25 -433.00 2193.07
71.76 -440.12 2192.69
72.16 -444.51 2189.01
71.79 -454.37 2192.05
71.79 -456.92 2191.93
71.75 -465.74 2189.73
71.76 -469.30 2189.56
71.33 -477.33 2190.88
83.78 529.61 2171.04
84.21 529.71 2169.34
83.78 529.61 2171.04
83.78 529.10 2171.08
83.82 522.38 2173.33
83.82 520.85 2173.44
83.81 519.84 2173.51
83.77 507.11 2174.39
83.70 504.17 2172.82
83.76 501.52 2174.76
83.24 494.40 2175.17
83.65 488.44 2173.86
84.07 483.50 2172.48
83.70 481.21 2176.08
83.18 474.10 2176.46
83.18 473.60 2176.49
83.16 467.01 2176.90
83.09 464.11 2175.31
83.08 460.07 2175.56
83.13 457.39 2177.48
83.13 454.35 2177.66
83.04 447.93 2176.27
83.46 441.02 2174.98
83.02 439.85 2176.73
83.07 433.63 2178.84
82.92 424.38 2175.84
82.92 423.37 2175.89
82.91 419.84 2176.08
82.53 416.97 2179.68
82.52 412.43 2179.92
82.88 407.26 2176.75
82.49 400.33 2180.54
82.05 395.60 2182.47
82.05 394.59 2182.52
82.40 388.95 2179.36
82.39 383.42 2179.62
82.39 380.40 2179.77
81.95 377.18 2181.61
82.00 373.44 2183.54
82.36 366.84 2180.41
82.35 363.82 2180.54
81.84 358.30 2180.73
81.90 357.07 2182.53
81.90 353.05 2182.71
81.82 348.26 2181.17
81.87 340.50 2183.25
81.87 336.99 2183.40
81.42 332.73 2185.26
81.35 328.46 2183.69
81.34 324.45 2183.85
81.34 320.44 2184.01
81.33 317.43 2184.13
81.33 313.93 2184.27
81.75 307.68 2182.82
81.74 304.17 2182.96
81.74 303.17 2183.00
81.30 296.90 2184.91
81.36 294.63 2186.74
81.22 289.66 2183.43
81.22 286.16 2183.55
81.28 282.88 2185.41
80.83 278.60 2187.25
81.26 269.88 2185.86
81.25 265.38 2186.01
81.25 261.88 2186.13
80.87 259.79 2189.63
80.74 255.38 2186.27
81.23 250.89 2186.48
81.16 244.20 2184.94
81.16 243.70 2184.96
80.71 236.90 2186.84
80.71 230.91 2187.02
80.70 230.41 2187.03
80.32 223.77 2190.65
80.32 219.77 2190.76
80.25 215.10 2189.14
80.68 210.94 2187.58
80.24 203.62 2189.45
80.23 199.62 2189.55
80.23 192.14 2189.74
80.22 187.15 2189.87
80.22 183.66 2189.95
80.21 180.66 2190.02
79.71 171.68 2190.17
79.70 168.19 2190.24
80.20 163.70 2190.41
80.13 157.10 2188.81
80.12 153.61 2188.88
80.12 149.62 2188.96
79.68 138.77 2190.86
79.68 138.28 2190.87
80.17 137.78 2190.94
79.67 127.81 2191.06
79.67 124.82 2191.12
79.66 121.33 2191.18
79.22 117.93 2192.92
79.16 113.36 2191.25
79.16 109.87 2191.31
79.15 105.39 2191.38
79.15 101.90 2191.44
79.15 97.91 2191.50
79.15 93.93 2191.56
79.14 87.95 2191.64
79.14 87.45 2191.65
79.14 82.97 2191.71
79.07 77.43 2190.05
79.07 74.45 2190.09
79.57 73.45 2190.16
78.26 63.15 2195.33
78.25 58.16 2195.39
78.69 55.13 2193.74
78.63 51.60 2192.03
78.25 47.69 2195.50
78.19 43.17 2193.80
78.62 35.67 2192.19
78.18 27.22 2193.94
78.12 21.23 2192.25
78.12 16.75 2192.28
77.68  8.29 2194.02
77.68  2.81 2194.06
77.61 -4.66 2192.35
77.17 -15.63 2194.09
77.17 -19.12 2194.10
77.17 -20.12 2194.10
77.67 -26.59 2194.19
77.17 -30.58 2194.14
77.17 -33.57 2194.15
77.23 -38.58 2195.90
77.17 -44.04 2194.17
77.61 -49.98 2192.50
77.61 -53.96 2192.50
77.17 -57.99 2194.18
77.17 -62.98 2194.18
77.17 -63.48 2194.18
76.74 -69.01 2195.86
76.74 -73.01 2195.85
76.30 -77.56 2197.53
76.74 -80.49 2195.84
76.74 -84.48 2195.83
76.74 -88.98 2195.82
76.30 -92.54 2197.50
76.68 -97.88 2194.05
76.68 -102.37 2194.03
76.25 -119.93 2195.62
76.25 -124.42 2195.60
76.25 -129.92 2195.56
76.19 -140.30 2193.73
75.76 -147.90 2195.36
75.76 -151.40 2195.32
75.76 -155.90 2195.28
75.76 -158.90 2195.25
75.77 -167.40 2195.17
75.28 -178.90 2194.97
75.28 -179.40 2194.97
75.78 -187.90 2194.93
75.34 -191.55 2196.57
75.29 -199.91 2194.70
75.29 -200.91 2194.69
75.29 -205.42 2194.62
74.86 -211.59 2196.22
74.92 -215.27 2197.92
74.86 -221.11 2196.07
74.87 -225.62 2195.99
74.82 -235.97 2194.06
74.82 -237.47 2194.03
74.83 -247.00 2193.85
74.83 -247.50 2193.84
74.39 -254.22 2195.40
74.40 -257.23 2195.34
74.40 -265.26 2195.17
74.41 -269.78 2195.08
74.41 -273.80 2194.99
73.92 -278.83 2194.81
74.36 -284.64 2192.98
74.36 -285.14 2192.97
73.99 -294.14 2196.21
73.94 -296.93 2194.38
73.94 -300.45 2194.29
73.57 -311.50 2197.46
73.57 -313.52 2197.41
73.90 -319.83 2192.02
73.47 -322.60 2193.63
73.53 -329.91 2195.19
73.49 -338.73 2193.16
73.45 -350.56 2191.03
73.06 -350.10 2194.51
73.07 -357.17 2194.28
73.08 -361.21 2194.15
73.03 -365.98 2192.23
72.65 -374.14 2195.42
73.04 -377.60 2191.83
72.61 -381.44 2193.39
72.61 -385.99 2193.23
72.62 -390.55 2193.06
72.57 -393.28 2191.19
72.58 -401.89 2190.86
72.65 -406.26 2192.46
72.22 -415.72 2193.79
72.16 -417.93 2191.93
72.17 -421.48 2191.78
72.18 -425.54 2191.61
72.25 -431.47 2193.14
72.25 -433.00 2193.07
72.14 -436.89 2189.35
72.21 -442.32 2190.89
72.22 -447.40 2190.66
71.78 -452.34 2192.14
71.79 -456.92 2191.93
71.75 -462.17 2189.90
71.76 -466.76 2189.68
71.33 -477.33 2190.88
84.21 529.71 2169.34
83.78 529.61 2171.04
83.78 529.10 2171.08
83.82 522.38 2173.33
83.82 521.87 2173.36
83.80 515.76 2173.79
83.77 507.11 2174.39
83.76 504.06 2174.59
83.76 501.52 2174.76
83.24 494.40 2175.17
83.65 487.93 2173.89
83.70 481.71 2176.05
83.70 481.21 2176.08
83.18 474.10 2176.46
83.17 471.06 2176.65
83.16 467.01 2176.90
83.13 457.90 2177.45
83.06 456.02 2175.80
83.05 451.47 2176.07
83.11 450.31 2177.89
82.60 444.74 2178.15
83.02 439.85 2176.73
83.01 435.31 2176.99
83.07 433.63 2178.84
83.06 426.56 2179.23
83.05 426.05 2179.26
82.54 419.49 2179.55
82.96 414.12 2178.14
82.88 407.26 2176.75
82.50 403.86 2180.36
82.05 395.60 2182.47
82.42 395.99 2179.01
82.41 390.46 2179.28
82.40 385.93 2179.50
82.39 383.92 2179.60
82.01 378.98 2183.28
82.38 376.38 2179.96
82.36 366.84 2180.41
82.35 363.82 2180.54
81.84 357.29 2180.77
81.83 351.27 2181.04
81.82 348.26 2181.17
81.88 344.52 2183.08
81.87 340.50 2183.25
81.86 335.49 2183.46
81.86 331.98 2183.61
81.35 327.96 2183.71
81.41 325.21 2185.57
81.40 321.19 2185.73
81.76 312.18 2182.65
81.76 311.18 2182.69
81.75 307.68 2182.82
81.74 304.17 2182.96
81.37 299.13 2186.58
81.30 296.90 2184.91
81.72 291.67 2183.42
81.29 289.39 2185.18
81.34 282.61 2187.17
81.34 281.60 2187.21
81.20 275.17 2183.94
81.26 268.88 2185.89
80.82 266.09 2187.67
80.87 259.79 2189.63
81.24 257.38 2186.27
81.23 251.89 2186.45
80.79 250.08 2188.19
81.16 244.20 2184.94
80.78 240.08 2188.49
80.71 236.90 2186.84
80.71 233.40 2186.94
80.70 230.41 2187.03
80.76 227.09 2188.87
80.32 222.27 2190.69
80.69 217.43 2187.40
80.68 211.44 2187.56
80.68 210.94 2187.58
80.24 207.11 2189.36
80.30 205.78 2191.14
80.17 198.97 2187.83
80.22 190.14 2189.79
80.22 186.65 2189.88
80.15 176.53 2188.37
79.70 167.69 2190.25
80.13 157.10 2188.81
80.13 155.60 2188.84
80.12 150.12 2188.95
80.12 149.62 2188.96
79.68 138.77 2190.86
80.17 137.78 2190.94
79.67 127.81 2191.06
79.67 124.32 2191.12
79.66 119.84 2191.20
79.16 114.85 2191.22
79.16 112.86 2191.26
79.16 108.87 2191.32
79.15 104.89 2191.39
79.15 100.90 2191.45
79.15 96.92 2191.51
79.15 92.44 2191.58
79.14 87.95 2191.64
79.14 83.97 2191.70
79.14 82.97 2191.71
79.07 77.43 2190.05
79.07 74.45 2190.09
79.57 73.45 2190.16
79.13 70.52 2191.88
78.69 61.11 2193.67
78.69 58.62 2193.70
78.63 52.10 2192.03
78.25 50.68 2195.47
78.63 51.60 2192.03
78.19 42.67 2193.80
78.62 35.67 2192.19
78.12 21.23 2192.25
78.12 16.75 2192.28
78.18 11.28 2194.07
77.68  2.81 2194.06
77.61 -4.66 2192.35
78.17 -9.15 2194.18
77.17 -16.13 2194.09
77.17 -19.62 2194.10
77.67 -26.59 2194.19
77.67 -27.09 2194.19
77.17 -31.58 2194.14
77.17 -33.57 2194.15
77.17 -44.04 2194.17
164.75 530.42 2178.96
164.84 523.19 2181.23
164.44 519.00 2183.24
164.42 515.44 2183.48
164.42 514.93 2183.52
163.85 502.70 2184.30
163.82 498.12 2184.60
163.81 494.56 2184.83
163.24 483.38 2185.50
163.61 480.97 2183.93
163.60 478.43 2184.09
163.59 476.40 2184.21
163.57 471.84 2184.49
163.53 465.25 2184.88
163.39 460.84 2183.39
163.00 457.65 2185.30
163.09 449.39 2187.52
163.32 446.67 2184.21
163.05 442.31 2187.92
162.91 437.92 2186.41
162.89 433.87 2186.64
162.50 429.66 2188.58
162.72 423.95 2185.42
162.69 415.87 2185.85
162.43 412.48 2189.48
162.27 405.10 2188.11
162.25 400.56 2188.34
162.24 397.54 2188.48
162.23 394.01 2188.66
161.84 390.79 2190.53
161.69 385.45 2189.04
161.68 381.93 2189.20
161.67 377.90 2189.39
161.65 374.38 2189.55
161.64 370.36 2189.74
161.62 365.33 2189.96
161.61 361.81 2190.12
161.60 359.80 2190.21
161.21 355.05 2192.13
161.20 351.53 2192.28
161.05 344.22 2190.84
161.04 341.71 2190.95
161.03 339.20 2191.05
161.15 336.95 2192.89
160.63 330.93 2193.10
161.00 326.15 2191.58
160.48 321.14 2191.75
160.97 318.13 2191.90
160.59 315.87 2193.69
160.20 311.60 2195.56
160.93 304.60 2192.41
160.42 299.08 2192.58
160.53 295.31 2194.45
160.15 292.03 2196.28
160.38 286.56 2193.02
160.37 283.06 2193.14
159.99 280.28 2194.94
160.11 276.99 2196.79
160.35 272.55 2193.50
160.34 267.05 2193.68
159.82 259.55 2193.88
159.56 256.95 2197.41
159.55 252.94 2197.53
159.79 248.05 2194.24
159.40 241.24 2196.15
159.52 236.92 2198.01
159.51 233.92 2198.10
159.75 226.56 2194.87
159.75 226.06 2194.88
159.36 220.74 2196.73
159.35 216.24 2196.85
158.84 213.25 2196.90
158.84 209.25 2197.00
159.20 199.60 2195.55
159.19 199.11 2195.56
158.43 193.42 2199.11
158.67 186.63 2195.83
158.67 184.64 2195.88
158.79 182.78 2197.66
158.41 177.43 2199.48
158.77 170.31 2197.94
158.26 164.32 2198.03
158.26 159.83 2198.13
158.00 158.58 2201.60
157.87 154.46 2199.94
158.24 149.85 2198.33
158.24 147.36 2198.38
158.23 141.87 2198.49
157.85 137.99 2200.26
157.97 133.60 2202.08
158.09 129.30 2196.99
158.09 125.82 2197.05
158.09 125.32 2197.06
157.71 120.43 2198.84
157.32 115.04 2200.63
157.70 109.96 2199.01
157.69 106.47 2199.07
157.69 102.98 2199.12
157.69 97.50 2199.20
157.31 95.58 2200.93
157.56 93.44 2197.53
157.17 85.04 2199.34
157.30 79.62 2201.15
156.79 75.64 2201.17
157.55 77.51 2197.74
157.16 64.12 2199.60
156.78 59.68 2201.35
156.78 56.69 2201.39
157.03 53.61 2197.99
156.65 44.69 2199.77
156.27 42.23 2201.50
156.65 42.69 2199.79
156.14 30.74 2199.86
156.14 27.25 2199.89
156.65 26.26 2199.93
155.89 21.81 2203.37
156.27 17.30 2201.70
156.26 12.82 2201.73
156.64  6.83 2200.07
156.26  1.35 2201.80
156.26 -3.64 2201.83
156.14 -10.61 2200.12
155.89 -17.61 2203.59
155.38 -20.60 2203.57
155.76 -27.57 2201.88
155.76 -30.06 2201.89
155.77 -34.05 2201.90
156.27 -34.55 2201.94
155.77 -42.03 2201.91
155.77 -45.52 2201.92
155.77 -48.51 2201.92
155.77 -52.50 2201.92
155.27 -55.99 2201.89
155.27 -59.98 2201.89
155.66 -77.38 2200.17
155.17 -89.35 2200.10
155.17 -89.84 2200.10
155.30 -104.88 2201.77
155.30 -107.38 2201.76
155.31 -111.37 2201.74
154.81 -117.36 2201.67
155.19 -116.27 2199.98
154.82 -122.36 2201.64
155.32 -124.85 2201.66
155.33 -133.84 2201.60
154.83 -135.84 2201.55
154.83 -136.84 2201.54
154.96 -146.44 2203.20
154.85 -153.32 2201.39
154.85 -153.82 2201.39
154.86 -157.82 2201.35
154.74 -165.69 2199.53
154.74 -166.69 2199.52
154.37 -173.81 2201.14
154.50 -177.95 2202.83
154.51 -181.95 2202.79
154.40 -192.82 2200.90
154.54 -199.97 2202.54
154.54 -204.48 2202.48
154.05 -207.49 2202.40
154.07 -218.51 2202.23
154.08 -226.53 2202.09
154.08 -229.03 2202.05
154.09 -232.54 2201.99
154.10 -238.56 2201.88
154.10 -239.06 2201.87
154.11 -243.07 2201.79
153.63 -253.61 2201.55
154.03 -259.43 2199.72
153.67 -270.68 2201.19
153.80 -276.92 2202.80
153.69 -281.73 2200.94
153.70 -282.23 2200.93
153.83 -287.98 2202.54
153.34 -293.01 2202.38
153.35 -296.03 2202.31
153.74 -299.82 2200.50
153.75 -305.36 2200.35
153.38 -308.62 2201.98
153.39 -313.15 2201.86
153.41 -319.70 2201.68
153.31 -327.00 2199.72
153.06 -332.56 2203.03
153.07 -336.60 2202.91
153.33 -335.06 2199.49
152.97 -343.40 2200.95
153.11 -348.72 2202.54
153.39 -353.22 2198.92
153.02 -357.03 2200.52
153.04 -365.11 2200.25
153.06 -369.15 2200.11
153.07 -372.69 2199.99
153.08 -376.74 2199.85
152.96 -375.94 2198.12
153.10 -383.82 2199.60
153.12 -387.36 2199.47
152.75 -393.75 2200.95
152.77 -397.29 2200.82
153.16 -398.50 2199.05
152.81 -409.47 2200.35
152.83 -414.03 2200.16
152.84 -417.08 2200.04
152.86 -421.14 2199.87
152.89 -430.29 2199.49
152.54 -438.26 2200.88
152.81 -440.11 2197.30
152.95 -445.04 2198.84
152.98 -450.63 2198.59
152.51 -459.30 2198.15
152.53 -464.90 2197.89
152.55 -470.00 2197.64
152.70 -474.97 2199.16
164.75 530.42 2178.96
164.75 529.91 2179.00
164.84 523.19 2181.23
164.44 519.00 2183.24
164.28 512.49 2181.93
164.26 508.92 2182.16
163.85 502.70 2184.30
164.04 491.76 2181.53
163.65 489.60 2183.39
163.24 483.38 2185.50
163.24 482.87 2185.53
163.45 473.50 2182.64
163.55 468.80 2184.67
163.54 466.26 2184.82
163.52 462.71 2185.03
163.00 458.66 2185.24
163.35 452.74 2183.87
163.32 447.18 2184.18
162.94 445.50 2185.99
163.06 442.81 2187.89
162.89 432.86 2186.69
162.37 428.82 2186.88
162.35 425.29 2187.07
162.47 422.59 2188.96
162.30 413.17 2187.70
162.29 409.14 2187.91
162.27 405.10 2188.11
162.26 401.57 2188.29
162.24 398.04 2188.46
161.85 393.82 2190.38
161.84 390.29 2190.55
161.69 385.45 2189.04
161.81 382.73 2190.91
161.65 373.37 2189.60
161.64 369.35 2189.78
161.62 365.83 2189.94
161.35 359.85 2193.66
161.59 355.27 2190.41
161.19 349.52 2192.36
161.18 346.50 2192.49
161.17 342.98 2192.64
161.16 338.96 2192.80
161.02 334.18 2191.26
161.01 329.67 2191.44
161.00 326.15 2191.58
160.60 320.38 2193.51
160.60 319.38 2193.55
160.46 314.62 2192.00
160.45 312.11 2192.09
160.19 308.58 2195.67
160.17 301.56 2195.93
160.17 300.55 2195.97
160.42 298.58 2192.59
160.39 287.07 2193.00
160.38 286.06 2193.04
160.12 282.00 2196.62
160.36 277.05 2193.35
160.35 274.05 2193.45
159.84 268.55 2193.59
160.34 267.05 2193.68
159.57 263.46 2197.20
159.56 257.45 2197.39
159.80 251.55 2194.13
159.80 250.55 2194.16
159.79 248.05 2194.24
159.15 243.62 2199.52
159.02 240.93 2197.86
159.89 237.74 2196.28
159.37 228.24 2196.52
159.37 224.24 2196.63
159.36 220.24 2196.74
159.35 216.24 2196.85
159.34 211.75 2196.97
158.84 209.25 2197.00
158.83 203.76 2197.15
158.82 201.26 2197.21
159.19 199.11 2195.56
158.68 191.62 2195.71
158.67 186.63 2195.83
158.79 185.28 2197.60
158.41 181.43 2199.39
158.67 184.64 2195.88
158.77 170.31 2197.94
158.26 164.32 2198.03
158.26 159.83 2198.13
158.25 156.34 2198.20
157.75 153.34 2198.23
158.24 149.35 2198.34
157.86 144.48 2200.14
158.23 141.37 2198.50
158.23 136.88 2198.58
158.09 129.30 2196.99
157.84 124.02 2200.51
157.83 122.02 2200.55
157.71 120.43 2198.84
157.70 109.96 2199.01
157.69 106.47 2199.07
157.69 102.98 2199.12
157.56 93.44 2197.53
157.17 85.04 2199.34
157.55 78.50 2197.73
157.55 77.51 2197.74
157.16 64.12 2199.60
156.91 62.72 2203.06
157.03 54.61 2197.98
157.03 53.61 2197.99
156.65 46.18 2199.76
155.89 41.76 2203.21
156.65 42.69 2199.79
156.14 30.74 2199.86
156.14 27.25 2199.89
156.65 26.26 2199.93
156.64 19.78 2199.98
156.26 12.82 2201.73
156.26  8.83 2201.76
156.64  6.83 2200.07
156.26 -3.64 2201.83
156.14 -10.61 2200.12
156.01 -12.13 2205.31
156.14 -10.61 2200.12
155.76 -20.09 2201.86
155.76 -27.57 2201.88
155.76 -30.06 2201.89
155.77 -34.05 2201.90
156.27 -34.55 2201.94
155.77 -42.03 2201.91
155.77 -45.52 2201.92
155.77 -48.51 2201.92
155.27 -55.99 2201.89
155.27 -59.98 2201.89
155.40 -69.51 2203.62
155.66 -77.38 2200.17
155.17 -89.35 2200.10
155.17 -89.84 2200.10
155.29 -95.90 2201.81
155.30 -97.90 2201.80
155.30 -104.88 2201.77
155.30 -107.88 2201.76
155.31 -112.37 2201.74
155.19 -115.78 2199.98
155.19 -116.27 2199.98
154.82 -122.36 2201.64
155.32 -124.85 2201.66
154.83 -135.84 2201.55
154.83 -136.84 2201.54
154.96 -143.94 2203.22
154.58 -147.55 2204.90
154.97 -150.94 2203.16
154.74 -165.69 2199.53
154.37 -167.31 2201.22
154.37 -170.81 2201.18
154.37 -173.81 2201.14
154.38 -174.81 2201.13
154.51 -181.95 2202.79
154.51 -186.46 2202.73
154.40 -193.82 2200.89
154.54 -202.98 2202.50
154.06 -217.01 2202.25
154.07 -218.51 2202.23
154.08 -226.53 2202.09
154.08 -229.03 2202.05
154.09 -233.04 2201.98
154.10 -235.05 2201.94
154.11 -242.57 2201.80
154.11 -243.07 2201.79
153.74 -249.79 2203.37
153.63 -253.61 2201.55
154.03 -259.43 2199.72
153.78 -265.36 2203.05
153.79 -269.38 2202.97
153.67 -270.68 2201.19
153.69 -281.73 2200.94
153.70 -282.23 2200.93
153.45 -289.72 2204.21
153.34 -292.51 2202.39
153.74 -299.82 2200.50
153.38 -308.62 2201.98
153.39 -312.14 2201.89
153.40 -316.17 2201.78
153.41 -320.20 2201.67
153.47 -341.38 2201.05
152.98 -344.41 2200.92
153.39 -353.22 2198.92
153.15 -360.84 2202.15
153.04 -365.11 2200.25
153.06 -369.66 2200.09
152.96 -375.94 2198.12
153.10 -381.80 2199.67
152.85 -387.46 2202.95
153.13 -392.43 2199.28
153.15 -395.46 2199.16
152.78 -401.35 2200.66
152.80 -405.41 2200.51
152.83 -413.52 2200.19
152.86 -421.65 2199.85
152.89 -430.79 2199.47
152.78 -433.00 2197.61
152.81 -439.10 2197.35
152.43 -441.98 2198.95
152.47 -451.65 2198.51
152.48 -453.69 2198.42
152.50 -457.77 2198.23
152.53 -464.39 2197.91
152.69 -473.95 2199.22
152.58 -475.11 2197.39
152.59 -478.17 2197.24
164.75 530.42 2178.96
164.84 523.19 2181.23
164.44 519.00 2183.24
164.82 519.11 2181.51
164.42 515.95 2183.45
164.42 514.93 2183.52
163.85 502.70 2184.30
163.68 495.70 2183.00
163.80 493.54 2184.89
163.24 483.38 2185.50
163.97 477.55 2182.42
163.46 475.52 2182.51
163.57 473.36 2184.40
163.55 469.30 2184.64
163.38 460.33 2183.42
163.36 454.76 2183.75
163.09 449.39 2187.52
163.06 442.81 2187.89
163.05 442.31 2187.92
162.50 429.66 2188.58
162.33 420.74 2187.31
162.69 415.87 2185.85
162.30 412.67 2187.72
162.41 408.95 2189.66
162.41 408.45 2189.69
162.25 399.56 2188.39
162.23 395.53 2188.58
162.23 394.01 2188.66
161.84 389.78 2190.57
161.82 384.24 2190.84
162.05 378.61 2187.65
162.04 378.11 2187.67
161.65 372.87 2189.62
161.64 369.35 2189.78
161.74 363.09 2191.81
161.61 360.80 2190.16
161.59 356.28 2190.36
161.59 355.27 2190.41
161.19 349.01 2192.38
161.18 345.50 2192.53
161.04 340.21 2191.01
161.03 336.19 2191.18
161.01 332.68 2191.32
160.63 330.43 2193.12
160.97 317.13 2191.93
160.45 312.61 2192.07
160.19 309.09 2195.65
161.06 305.84 2194.10
160.42 299.08 2192.58
160.42 298.58 2192.59
160.53 293.80 2194.50
160.14 291.02 2196.31
160.00 284.28 2194.80
160.37 283.06 2193.14
160.36 277.05 2193.35
159.98 275.77 2195.09
159.97 270.76 2195.26
159.58 265.96 2197.12
159.82 259.55 2193.88
159.81 257.55 2193.95
159.80 251.55 2194.13
159.92 250.24 2195.91
159.54 247.43 2197.70
159.40 242.24 2196.12
159.51 234.92 2198.07
159.50 230.92 2198.19
159.75 226.56 2194.87
159.75 226.06 2194.88
158.85 214.75 2196.86
159.34 211.25 2196.98
158.96 207.41 2198.79
159.20 199.60 2195.55
159.19 199.11 2195.56
158.68 191.62 2195.71
158.80 191.27 2197.45
158.30 188.77 2197.48
158.67 184.64 2195.88
158.77 170.31 2197.94
158.26 163.82 2198.04
158.25 156.34 2198.20
157.75 153.34 2198.23
158.24 148.85 2198.35
158.23 141.87 2198.49
157.72 135.89 2198.57
157.84 132.50 2200.36
157.84 130.00 2200.41
158.09 125.32 2197.06
157.33 116.53 2200.61
157.32 113.54 2200.66
157.70 109.96 2199.01
157.69 105.48 2199.08
157.69 102.98 2199.12
157.69 97.50 2199.20
157.56 93.44 2197.53
157.17 85.04 2199.34
157.55 78.50 2197.73
157.55 77.51 2197.74
157.29 74.14 2201.22
157.16 64.12 2199.60
157.03 54.61 2197.98
156.78 56.19 2201.39
156.78 51.20 2201.44
156.65 43.19 2199.79
156.65 42.69 2199.79
156.14 30.74 2199.86
156.14 27.25 2199.89
156.64 19.78 2199.98
156.26 16.31 2201.71
156.26 12.82 2201.73
156.64  6.83 2200.07
156.26  1.35 2201.80
155.76 -4.63 2201.80
156.26 -7.13 2201.84
156.14 -10.61 2200.12
155.76 -20.09 2201.86
155.76 -27.57 2201.88
155.76 -30.56 2201.89
155.77 -34.05 2201.90
155.77 -42.03 2201.91
155.77 -42.53 2201.91
245.26 530.22 2182.97
245.26 529.71 2183.01
245.22 524.62 2183.37
244.83 516.37 2185.70
244.83 515.86 2185.73
244.59 509.87 2184.40
244.54 503.77 2184.82
244.14 491.97 2187.34
244.12 489.94 2187.47
244.09 485.88 2187.73
243.72 478.64 2189.93
243.49 472.69 2188.56
243.46 468.64 2188.81
243.13 465.46 2190.74
243.09 459.89 2191.08
243.08 459.38 2191.11
243.07 456.85 2191.26
242.82 448.40 2190.01
242.49 445.21 2191.94
242.43 437.11 2192.39
242.54 432.90 2189.15
242.19 428.69 2191.12
242.17 424.15 2191.37
241.83 421.45 2193.25
241.81 417.92 2193.44
241.58 410.53 2192.09
241.57 407.51 2192.24
241.55 404.48 2192.40
241.20 399.76 2194.37
241.19 397.24 2194.50
240.98 392.90 2192.98
241.26 386.56 2191.56
241.13 385.65 2195.06
240.59 380.11 2195.33
240.59 378.60 2195.40
240.38 373.78 2193.89
240.35 368.75 2194.13
240.33 365.24 2194.29
240.32 362.22 2194.42
239.97 355.47 2196.45
240.28 353.68 2194.80
239.75 349.16 2195.00
239.74 346.15 2195.13
239.72 342.64 2195.28
239.70 338.62 2195.44
239.68 333.60 2195.65
239.66 329.09 2195.84
239.65 325.58 2195.98
239.32 322.32 2197.84
239.30 318.81 2197.97
239.10 314.05 2196.43
239.08 309.04 2196.62
239.06 306.04 2196.74
238.73 301.26 2198.64
238.72 298.76 2198.73
238.50 289.01 2197.36
238.49 286.51 2197.45
238.66 282.73 2199.30
238.33 278.94 2201.16
238.63 275.22 2199.56
238.42 266.00 2198.14
238.10 266.71 2199.84
237.90 262.50 2198.25
238.08 259.71 2200.07
238.06 255.20 2200.21
238.03 246.20 2200.49
238.03 243.20 2200.58
237.70 239.89 2202.41
237.50 234.70 2200.83
237.49 231.21 2200.93
237.28 221.54 2199.48
237.15 224.39 2202.85
237.14 219.89 2202.97
237.26 215.05 2199.66
237.25 210.06 2199.79
237.43 208.23 2201.56
236.60 204.89 2203.37
237.09 201.39 2203.46
236.89 196.24 2201.86
236.70 191.60 2200.25
236.88 188.76 2202.05
236.87 184.76 2202.14
236.54 180.91 2203.95
236.67 177.14 2200.59
236.66 172.66 2200.69
236.33 169.30 2202.49
236.01 164.94 2204.31
236.32 161.32 2202.66
236.31 156.83 2202.75
236.30 150.35 2202.89
236.28 142.87 2203.03
235.97 143.48 2204.74
236.28 139.87 2203.09
235.76 131.90 2203.23
235.76 129.91 2203.27
235.76 126.91 2203.32
235.75 121.93 2203.41
235.75 118.44 2203.47
235.74 113.96 2203.54
235.55 106.90 2201.93
235.73 105.98 2203.67
235.22 102.50 2203.71
235.54 101.42 2202.01
235.53 86.49 2202.22
234.89 88.62 2205.63
235.20 83.07 2203.99
235.20 79.08 2204.04
235.19 73.10 2204.11
235.19 71.11 2204.14
234.87 67.18 2205.90
234.87 64.69 2205.93
234.68 59.66 2204.26
235.18 54.67 2204.32
235.18 54.18 2204.32
234.68 47.20 2204.39
234.35 42.26 2206.16
234.67 42.72 2204.43
234.35 37.27 2206.20
234.35 33.29 2206.23
234.67 28.28 2204.55
234.03 24.33 2208.02
234.35 20.83 2206.33
234.35 15.84 2206.36
234.17  9.85 2204.67
234.03  7.38 2208.13
233.85  4.38 2206.42
233.85  0.89 2206.44
234.17 -0.11 2204.73
233.53 -6.59 2208.20
233.53 -12.58 2208.22
233.85 -14.06 2206.51
234.17 -18.04 2204.80
233.99 -22.50 2203.09
233.85 -26.02 2206.54
233.53 -30.04 2208.27
233.68 -37.46 2204.84
233.68 -44.44 2204.84
233.36 -49.95 2206.57
233.37 -53.94 2206.56
233.37 -57.43 2206.56
233.70 -66.36 2204.83
233.06 -68.95 2208.27
233.38 -72.89 2206.54
233.39 -75.88 2206.53
232.89 -80.87 2206.51
233.39 -84.36 2206.51
233.40 -88.35 2206.49
233.22 -92.27 2204.75
233.22 -92.77 2204.75
233.10 -104.40 2208.14
233.10 -108.39 2208.12
233.11 -112.39 2208.10
233.12 -115.88 2208.07
233.27 -123.18 2204.57
233.13 -127.87 2207.99
233.14 -128.37 2207.98
232.97 -140.25 2206.15
232.98 -143.25 2206.13
232.86 -155.48 2209.46
232.69 -158.86 2207.69
232.70 -162.86 2207.65
232.89 -166.98 2209.33
232.71 -170.36 2207.56
232.73 -177.36 2207.47
232.74 -183.36 2207.39
232.75 -186.86 2207.34
232.76 -190.37 2207.29
232.77 -192.87 2207.26
232.79 -201.88 2207.12
232.48 -207.05 2208.77
232.83 -217.40 2206.87
232.72 -226.77 2210.17
232.55 -230.10 2208.37
232.56 -233.11 2208.31
232.57 -236.62 2208.24
232.41 -243.46 2206.37
232.59 -245.65 2208.06
232.61 -249.67 2207.98
232.62 -253.18 2207.91
232.63 -257.20 2207.82
232.65 -261.72 2207.72
232.66 -265.23 2207.64
232.52 -275.57 2205.66
232.39 -281.03 2209.00
232.42 -287.06 2208.85
232.43 -289.58 2208.79
232.26 -292.88 2206.96
232.60 -297.17 2205.12
232.61 -300.19 2205.04
232.31 -305.45 2206.63
232.34 -312.00 2206.44
232.36 -317.03 2206.30
232.70 -320.81 2204.45
232.57 -323.33 2207.86
232.41 -329.12 2205.94
232.42 -332.15 2205.85
232.44 -335.67 2205.74
232.46 -340.21 2205.59
232.33 -343.77 2208.96
232.17 -348.05 2207.08
232.53 -355.85 2205.07
232.23 -360.68 2206.65
232.45 -367.53 2208.16
232.62 -372.52 2204.49
232.65 -378.07 2204.28
232.66 -381.11 2204.17
232.36 -384.95 2205.77
232.90 -390.51 2205.55
232.41 -394.57 2205.39
232.42 -397.10 2205.29
232.65 -404.00 2206.77
232.50 -409.77 2204.78
232.52 -413.32 2204.63
232.86 -416.55 2202.74
232.55 -419.41 2204.37
232.59 -426.01 2204.08
232.96 -432.78 2202.03
232.99 -437.86 2201.80
232.89 -444.65 2204.99
232.71 -445.32 2203.20
232.76 -452.95 2202.84
232.79 -457.03 2202.64
233.14 -460.23 2200.73
233.03 -465.54 2203.97
232.90 -473.33 2201.82
232.93 -477.41 2201.61
232.96 -480.98 2201.42
233.31 -484.17 2199.49
244.83 516.37 2185.70
244.83 515.86 2185.73
244.54 503.77 2184.82
244.52 500.72 2185.02
243.98 496.16 2185.33
244.14 491.97 2187.34
244.12 489.94 2187.47
244.09 485.37 2187.76
243.72 478.64 2189.93
243.84 476.38 2186.59
243.49 472.19 2188.59
243.13 465.97 2190.71
243.07 456.85 2191.26
242.51 448.24 2191.76
242.49 445.21 2191.94
242.44 438.12 2192.34
242.54 432.90 2189.15
242.22 432.23 2190.93
242.20 429.20 2191.09
241.85 423.98 2193.11
241.83 420.44 2193.30
242.12 415.57 2191.82
241.58 410.53 2192.09
241.44 409.15 2195.63
241.53 400.45 2192.60
241.00 397.43 2192.75
241.17 392.70 2194.72
241.16 390.69 2194.82
241.13 385.65 2195.06
240.59 380.11 2195.33
240.56 373.07 2195.66
240.54 368.54 2195.87
240.12 359.43 2192.82
240.11 357.42 2192.91
239.76 351.67 2194.89
239.94 348.43 2196.76
239.93 347.42 2196.80
240.04 343.37 2193.52
239.70 337.12 2195.51
239.68 333.60 2195.65
239.67 330.09 2195.80
239.33 324.83 2197.74
239.31 321.32 2197.88
239.11 317.06 2196.31
239.09 313.55 2196.45
239.27 310.28 2198.30
239.26 307.28 2198.42
239.05 301.53 2196.90
238.71 297.25 2198.79
238.70 293.75 2198.92
238.69 290.74 2199.02
238.67 286.23 2199.18
238.65 281.22 2199.36
238.64 277.72 2199.48
238.63 275.22 2199.56
238.30 270.42 2201.45
238.42 266.00 2198.14
237.90 262.50 2198.25
238.06 254.20 2200.24
238.05 252.20 2200.31
237.72 247.39 2202.18
238.03 243.20 2200.58
237.50 236.70 2200.77
237.50 234.70 2200.83
237.49 231.21 2200.93
237.48 227.21 2201.04
237.28 221.54 2199.48
237.45 215.72 2201.36
237.11 210.89 2203.21
237.10 206.89 2203.32
236.91 203.73 2201.67
236.90 199.74 2201.78
236.57 195.40 2203.61
236.57 193.90 2203.64
236.88 188.76 2202.05
236.87 183.77 2202.16
236.66 175.65 2200.63
236.34 172.29 2202.42
236.32 163.81 2202.61
236.32 160.82 2202.67
236.31 156.83 2202.75
235.98 151.96 2204.58
235.98 148.97 2204.64
236.28 142.87 2203.03
236.28 139.87 2203.09
235.76 131.90 2203.23
235.95 130.51 2204.98
235.75 124.42 2203.36
235.75 121.43 2203.42
235.75 118.44 2203.47
235.74 113.96 2203.54
235.73 109.97 2203.60
235.55 106.40 2201.94
235.54 101.42 2202.01
235.21 93.53 2203.85
235.21 90.04 2203.89
235.53 86.49 2202.22
235.52 85.49 2202.24
235.20 78.58 2204.05
234.88 74.66 2205.82
234.87 71.67 2205.85
235.19 64.14 2204.22
234.68 62.64 2204.23
234.68 59.66 2204.26
234.86 55.71 2206.03
235.18 54.18 2204.32
234.68 47.20 2204.39
234.67 43.72 2204.42
234.35 39.77 2206.18
234.03 35.81 2207.94
234.53 31.82 2207.97
234.67 28.28 2204.55
234.17 25.79 2204.57
234.35 20.33 2206.33
234.35 15.84 2206.36
234.03 12.36 2208.11
234.48  8.35 2202.96
234.17  0.39 2204.72
233.53 -2.60 2208.18
233.53 -7.09 2208.20
233.85 -10.57 2206.49
234.17 -18.53 2204.80
233.85 -21.54 2206.53
233.53 -26.54 2208.27
233.35 -30.51 2206.55
233.68 -36.96 2204.84
233.68 -37.96 2204.84
233.36 -42.48 2206.56
233.37 -57.43 2206.56
233.70 -66.36 2204.83
233.38 -73.39 2206.54
233.39 -77.38 2206.53
232.89 -80.87 2206.51
233.22 -92.27 2204.75
233.22 -92.77 2204.75
233.41 -97.83 2206.45
233.09 -100.90 2208.16
233.10 -108.39 2208.12
232.93 -115.29 2206.35
233.12 -120.38 2208.04
232.95 -128.77 2206.25
232.96 -132.26 2206.22
232.83 -137.97 2209.63
232.83 -138.47 2209.63
232.66 -144.86 2207.84
232.99 -147.24 2206.09
233.00 -151.24 2206.05
233.00 -153.24 2206.03
232.70 -163.36 2207.64
232.73 -177.36 2207.47
232.73 -179.86 2207.44
232.74 -183.36 2207.39
232.76 -189.87 2207.30
232.77 -192.87 2207.26
232.80 -205.88 2207.06
232.81 -209.39 2207.00
232.83 -217.40 2206.87
232.70 -218.74 2210.31
232.52 -222.58 2208.51
232.53 -226.09 2208.44
232.55 -230.10 2208.37
232.56 -233.61 2208.30
232.58 -242.14 2208.14
232.41 -243.46 2206.37
232.62 -253.68 2207.90
232.63 -257.20 2207.82
232.32 -261.42 2209.46
232.67 -267.74 2207.58
232.52 -275.57 2205.66
232.38 -278.51 2209.07
232.40 -282.54 2208.97
232.55 -285.11 2205.43
232.44 -292.60 2208.71
232.28 -298.91 2206.81
232.29 -301.93 2206.72
232.31 -304.95 2206.64
232.65 -309.24 2204.79
232.36 -318.04 2206.27
232.56 -322.82 2207.87
232.21 -325.85 2204.30
232.43 -333.66 2205.80
232.31 -339.73 2209.09
232.33 -343.77 2208.96
232.48 -345.25 2205.43
232.50 -348.79 2205.31
232.71 -354.11 2206.88
232.41 -359.44 2208.44
232.41 -360.45 2208.40
232.58 -365.44 2204.74
232.62 -373.02 2204.47
232.49 -376.13 2207.84
232.36 -384.95 2205.77
232.41 -394.57 2205.39
232.60 -395.89 2207.09
232.65 -404.00 2206.77
232.80 -405.91 2203.19
232.82 -408.95 2203.06
232.34 -414.02 2202.85
232.55 -418.91 2204.39
232.55 -419.41 2204.37
232.59 -426.01 2204.08
232.43 -428.22 2202.23
232.96 -433.29 2202.01
232.67 -437.70 2203.56
232.72 -445.83 2203.18
232.77 -454.48 2202.76
233.03 -465.54 2203.97
233.07 -470.64 2203.71
232.91 -474.35 2201.77
232.96 -480.98 2201.42
233.31 -484.17 2199.49
245.24 528.18 2183.12
245.20 523.09 2183.48
244.83 516.37 2185.70
244.83 515.86 2185.73
244.59 509.87 2184.40
244.54 503.77 2184.82
244.51 499.70 2185.09
244.14 491.97 2187.34
244.12 489.94 2187.47
244.06 481.82 2187.99
243.72 478.64 2189.93
243.49 472.69 2188.56
243.13 465.97 2190.71
243.13 465.46 2190.74
243.09 459.89 2191.08
243.07 456.85 2191.26
242.51 448.24 2191.76
242.29 444.36 2190.25
242.44 438.12 2192.34
242.43 437.11 2192.39
242.43 436.61 2192.42
242.18 426.67 2191.23
241.66 423.14 2191.42
241.82 419.94 2193.33
241.81 417.41 2193.46
241.44 409.15 2195.63
241.56 407.00 2192.27
241.54 402.97 2192.47
241.20 399.76 2194.37
241.19 396.23 2194.55
241.17 392.70 2194.72
240.95 387.87 2193.22
240.59 380.11 2195.33
240.58 377.60 2195.45
240.56 372.56 2195.68
240.35 367.75 2194.17
240.33 364.23 2194.33
240.31 360.21 2194.51
239.97 355.47 2196.45
239.96 353.45 2196.54
239.75 348.66 2195.02
239.73 344.14 2195.21
239.72 341.13 2195.34
239.70 337.12 2195.51
239.68 333.60 2195.65
239.66 328.59 2195.86
239.33 324.83 2197.74
239.31 320.82 2197.90
239.30 317.81 2198.01
239.07 308.54 2196.64
239.06 304.03 2196.81
239.05 301.53 2196.90
238.71 297.25 2198.79
238.70 293.25 2198.93
238.50 289.01 2197.36
238.49 286.51 2197.45
238.65 280.72 2199.37
238.33 278.44 2201.18
238.42 266.00 2198.14
238.41 265.50 2198.16
237.90 262.50 2198.25
238.07 258.20 2200.12
238.06 254.20 2200.24
238.05 252.20 2200.31
237.53 245.20 2200.52
238.03 243.20 2200.58
237.50 236.70 2200.77
237.50 234.21 2200.84
237.48 229.21 2200.99
237.28 221.54 2199.48
237.14 218.89 2203.00
237.13 217.89 2203.03
237.25 210.06 2199.79
236.59 204.39 2203.38
237.09 201.39 2203.46
236.57 195.40 2203.61
236.70 190.61 2200.28
236.67 179.14 2200.55
236.53 176.92 2204.04
236.66 172.66 2200.69
236.33 166.80 2202.54
236.32 163.81 2202.61
236.32 160.82 2202.67
235.99 157.45 2204.46
236.30 152.34 2202.85
236.30 150.35 2202.89
236.28 142.87 2203.03
235.96 139.49 2204.82
235.96 136.49 2204.87
235.76 131.90 2203.23
235.76 127.91 2203.30
235.75 124.42 2203.36
235.43 118.04 2205.19
235.75 118.44 2203.47
235.74 112.96 2203.56
235.55 106.90 2201.93
235.55 106.40 2201.94
235.21 93.53 2203.85
235.53 86.49 2202.22
235.21 85.06 2203.96
234.88 80.64 2205.74
234.88 76.65 2205.79
235.19 73.10 2204.11
235.19 70.11 2204.15
235.19 64.14 2204.22
234.68 62.15 2204.24
234.54 56.76 2207.74
235.18 54.67 2204.32
234.68 47.20 2204.39
234.68 46.71 2204.39
234.35 42.26 2206.16
234.03 36.80 2207.93
234.35 35.28 2206.22
234.67 28.28 2204.55
234.35 26.81 2206.28
233.85 23.32 2206.31
234.35 15.34 2206.36
234.48  8.35 2202.96
233.85  3.88 2206.43
233.53 -1.10 2208.17
234.17 -0.11 2204.73
233.85 -9.08 2206.49
233.85 -12.07 2206.50
233.85 -16.06 2206.51
233.99 -23.00 2203.09
233.35 -31.01 2206.55
233.68 -36.96 2204.84
233.68 -38.96 2204.84
325.34 529.94 2184.77
325.00 522.72 2187.09
324.98 521.19 2187.20
324.95 517.63 2187.47
324.59 508.37 2189.91
324.05 505.33 2190.17
323.93 493.64 2190.99
323.93 493.13 2191.02
323.02 478.30 2193.83
322.34 459.04 2195.10
321.66 439.30 2196.33
321.66 438.80 2196.36
321.31 426.34 2195.35
321.25 419.27 2195.75
320.69 411.71 2196.20
320.61 400.62 2196.80
320.58 396.59 2197.01
320.01 387.53 2197.51
319.69 378.77 2199.71
319.37 367.92 2198.51
319.34 362.39 2198.78
318.79 355.36 2199.14
318.78 354.86 2199.16
318.77 351.84 2199.30
318.73 346.82 2199.52
318.71 342.80 2199.70
318.68 337.78 2199.92
318.39 332.02 2201.93
318.38 330.52 2201.99
318.34 323.99 2202.26
317.79 314.46 2202.69
317.26 310.96 2202.86
317.75 307.44 2202.97
317.73 303.93 2203.10
317.20 297.92 2203.37
317.18 294.41 2203.50
317.17 291.90 2203.59
317.15 287.39 2203.76
317.13 283.38 2203.91
316.84 278.10 2205.85
316.84 277.59 2205.87
316.81 270.08 2206.13
316.53 263.36 2204.64
316.52 259.36 2204.77
315.99 254.86 2204.95
315.99 254.36 2204.96
315.95 243.85 2205.30
315.93 239.35 2205.44
315.92 236.35 2205.53
315.91 232.35 2205.65
315.89 228.35 2205.77
315.87 222.35 2205.94
315.86 220.35 2206.00
315.34 216.36 2206.14
315.06 210.03 2208.06
315.06 209.03 2208.09
315.03 198.03 2208.38
315.01 193.03 2208.51
314.74 182.90 2207.04
314.73 180.40 2207.10
314.46 176.55 2208.94
314.45 172.55 2209.03
314.19 164.43 2207.50
314.43 160.31 2205.84
314.17 156.95 2207.66
314.14 145.97 2207.88
314.13 140.98 2207.98
313.86 135.60 2209.83
313.86 134.10 2209.86
313.84 126.62 2209.99
313.84 125.62 2210.01
313.33 121.13 2210.12
313.32 116.64 2210.19
313.32 112.15 2210.27
313.31 110.15 2210.30
313.31 106.16 2210.36
313.06 102.09 2208.71
313.30 102.67 2210.42
313.29 93.69 2210.55
313.28 87.70 2210.63
312.77 83.22 2210.72
312.77 78.73 2210.78
312.76 71.74 2210.86
312.76 70.75 2210.88
312.76 67.26 2210.92
312.51 63.22 2209.25
312.75 59.28 2211.01
312.75 55.78 2211.04
312.24 50.80 2211.12
312.24 47.31 2211.15
312.50 43.28 2209.45
312.24 39.83 2211.22
312.24 35.84 2211.25
312.23 30.35 2211.30
312.25 26.82 2207.87
311.97 21.89 2213.10
311.97 11.41 2213.17
311.99  8.41 2209.72
311.97  4.43 2213.21
311.97  0.44 2213.22
311.47 -9.55 2213.29
311.98 -12.04 2213.27
311.74 -15.52 2211.56
311.74 -18.51 2211.57
311.74 -23.00 2211.58
311.48 -32.50 2213.34
311.50 -29.46 2209.88
311.49 -33.50 2213.34
311.75 -38.46 2211.60
311.50 -46.98 2213.35
311.26 -51.43 2211.63
311.26 -53.93 2211.62
311.77 -57.92 2211.59
311.27 -62.41 2211.61
311.28 -65.90 2211.60
311.29 -72.88 2211.58
311.29 -77.37 2211.57
311.31 -87.35 2211.52
311.08 -92.77 2209.78
311.32 -96.84 2211.48
311.08 -107.40 2213.16
311.11 -119.89 2213.06
311.11 -121.39 2213.05
311.12 -124.89 2213.02
311.13 -128.39 2212.99
311.14 -132.39 2212.95
311.15 -137.39 2212.90
310.91 -145.50 2214.57
310.91 -146.00 2214.56
311.19 -151.88 2212.74
311.19 -154.88 2212.71
310.72 -165.39 2212.60
310.72 -165.89 2212.60
311.24 -171.39 2212.49
311.02 -185.55 2214.04
310.80 -191.91 2212.21
310.82 -195.42 2212.16
310.83 -200.42 2212.07
311.10 -206.59 2213.69
311.12 -212.61 2213.58
311.13 -216.12 2213.51
311.14 -216.62 2213.50
311.17 -226.65 2213.31
311.19 -231.66 2213.20
311.21 -234.67 2213.14
311.22 -238.69 2213.05
311.24 -243.21 2212.95
311.26 -246.22 2212.89
311.27 -250.23 2212.79
311.30 -254.75 2212.69
311.33 -261.78 2212.52
311.33 -262.79 2212.49
311.12 -269.11 2210.61
311.39 -275.35 2212.17
311.42 -279.87 2212.05
311.43 -283.39 2211.96
311.45 -286.91 2211.86
311.47 -289.93 2211.77
311.49 -294.96 2211.63
311.52 -298.98 2211.51
311.56 -307.04 2211.27
311.58 -311.06 2211.15
311.59 -312.57 2211.10
311.63 -319.12 2210.90
311.69 -329.70 2210.55
311.72 -334.24 2210.39
311.75 -338.78 2210.24
311.77 -342.81 2210.10
312.08 -352.16 2211.49
312.08 -352.67 2211.48
311.91 -363.50 2209.33
311.77 -381.49 2210.39
312.10 -390.29 2208.25
312.15 -396.87 2207.97
312.16 -398.90 2207.88
312.20 -403.45 2207.68
312.21 -405.48 2207.59
312.29 -415.11 2207.15
312.32 -419.16 2206.96
312.91 -429.30 2206.44
312.92 -430.31 2206.39
312.94 -431.83 2206.32
312.78 -444.88 2207.44
312.83 -449.97 2207.18
313.18 -459.78 2204.88
313.22 -463.85 2204.66
313.57 -475.93 2205.74
313.62 -480.52 2205.47
313.39 -482.19 2203.63
313.67 -482.83 2201.82
325.34 529.94 2184.77
325.00 522.72 2187.09
324.99 521.70 2187.17
324.95 518.14 2187.43
324.59 508.37 2189.91
324.05 505.33 2190.17
323.93 493.64 2190.99
323.93 493.13 2191.02
323.02 478.30 2193.83
322.70 469.82 2192.65
322.34 459.04 2195.10
322.01 449.07 2193.98
321.66 439.30 2196.33
321.66 438.80 2196.36
321.33 428.86 2195.21
321.31 426.34 2195.35
321.27 420.78 2195.67
321.25 419.27 2195.75
320.66 407.68 2196.42
320.62 402.13 2196.72
320.61 401.12 2196.77
320.58 396.59 2197.01
320.01 387.53 2197.51
320.00 386.02 2197.59
319.69 378.77 2199.71
319.38 369.43 2198.44
319.35 363.90 2198.71
319.33 361.38 2198.82
318.79 355.36 2199.14
318.78 354.35 2199.18
318.75 349.33 2199.41
318.73 345.81 2199.57
318.71 342.30 2199.73
318.39 332.02 2201.93
318.38 330.52 2201.99
318.35 324.49 2202.24
318.34 323.99 2202.26
317.79 314.46 2202.69
317.76 309.45 2202.89
317.75 306.94 2202.99
317.73 303.93 2203.10
317.20 297.92 2203.37
317.18 294.41 2203.50
317.16 290.40 2203.65
317.14 286.39 2203.80
316.84 278.10 2205.85
316.84 277.59 2205.87
316.81 270.08 2206.13
315.99 254.86 2204.95
316.47 248.85 2205.11
315.96 246.35 2205.22
315.95 243.35 2205.31
315.93 239.85 2205.42
315.92 236.35 2205.53
315.90 231.35 2205.68
315.89 227.35 2205.80
315.87 222.35 2205.94
315.86 220.35 2206.00
315.06 210.03 2208.06
315.06 209.03 2208.09
315.04 203.53 2208.24
315.03 198.03 2208.38
315.01 192.53 2208.52
314.47 181.54 2208.82
314.47 180.04 2208.86
314.71 172.91 2207.28
314.69 166.92 2207.41
314.43 163.06 2209.24
314.16 152.45 2207.75
314.15 148.46 2207.83
314.14 143.47 2207.93
313.86 135.60 2209.83
313.86 133.61 2209.87
313.60 129.01 2208.23
313.84 125.62 2210.01
313.32 116.64 2210.19
313.32 112.15 2210.27
313.31 109.65 2210.31
313.31 105.66 2210.37
313.30 102.67 2210.42
313.29 93.69 2210.55
313.04 89.63 2208.89
313.28 87.70 2210.63
312.77 81.72 2210.74
312.77 78.73 2210.78
312.76 71.74 2210.86
312.76 67.26 2210.92
312.75 59.28 2211.01
312.51 54.25 2209.34
312.50 51.26 2209.37
312.24 47.31 2211.15
312.24 43.82 2211.18
312.24 39.33 2211.22
312.24 35.34 2211.26
312.23 30.35 2211.30
312.23 25.37 2211.33
311.97 21.89 2213.10
312.23 15.89 2211.40
312.23 11.90 2211.42
312.23  7.42 2211.44
311.97  3.93 2213.21
311.97  0.44 2213.22
311.73 -2.06 2211.52
311.99 -5.54 2209.79
311.73 -11.03 2211.55
311.98 -12.04 2213.27
311.74 -19.01 2211.57
311.74 -23.00 2211.58
311.48 -32.50 2213.34
311.49 -33.50 2213.34
311.49 -37.00 2213.35
311.25 -43.45 2211.63
311.25 -46.44 2211.63
311.50 -46.98 2213.35
311.26 -54.42 2211.62
311.77 -57.92 2211.59
311.27 -62.41 2211.61
311.54 -66.35 2209.86
311.28 -69.89 2211.59
311.29 -77.87 2211.56
311.57 -87.78 2209.78
311.31 -87.35 2211.52
311.32 -92.34 2211.50
311.33 -101.33 2211.45
311.08 -105.40 2213.17
311.35 -109.31 2211.40
311.09 -113.40 2213.11
311.11 -119.89 2213.06
311.13 -129.39 2212.98
311.14 -132.39 2212.95
311.15 -137.39 2212.90
311.16 -141.88 2212.86
310.91 -145.50 2214.57
310.91 -146.00 2214.56
311.19 -151.88 2212.74
311.21 -159.89 2212.65
310.72 -165.39 2212.60
310.72 -165.89 2212.60
311.24 -171.39 2212.49
310.78 -183.40 2212.35
311.02 -185.55 2214.04
310.82 -196.42 2212.14
310.83 -200.42 2212.07
311.10 -206.59 2213.69
311.12 -212.61 2213.58
311.13 -216.12 2213.51
311.14 -216.62 2213.50
311.16 -224.14 2213.36
311.18 -227.65 2213.29
311.19 -231.66 2213.20
311.21 -236.18 2213.11
311.22 -238.69 2213.05
311.24 -243.21 2212.95
311.26 -247.72 2212.85
311.27 -250.23 2212.79
311.30 -255.76 2212.66
311.33 -261.78 2212.52
311.33 -262.29 2212.51
311.33 -262.79 2212.49
311.39 -275.35 2212.17
311.42 -279.87 2212.05
311.43 -282.89 2211.97
311.45 -285.91 2211.89
311.47 -290.43 2211.76
311.50 -295.46 2211.62
311.56 -307.04 2211.27
311.59 -311.57 2211.13
311.59 -312.57 2211.10
311.63 -319.12 2210.90
311.65 -322.14 2210.80
311.69 -329.70 2210.55
311.70 -331.21 2210.50
312.08 -352.16 2211.49
312.08 -352.67 2211.48
311.90 -362.49 2209.37
311.93 -366.53 2209.22
312.47 -371.58 2208.99
311.77 -381.49 2210.39
312.10 -390.29 2208.25
312.15 -396.87 2207.97
312.17 -399.40 2207.86
312.19 -402.44 2207.73
312.24 -408.52 2207.45
312.25 -410.04 2207.38
312.29 -415.61 2207.13
312.32 -418.65 2206.99
312.91 -429.30 2206.44
312.98 -437.42 2206.04
312.78 -444.88 2207.44
312.83 -449.97 2207.18
313.19 -460.80 2204.83
313.22 -463.85 2204.66
313.57 -475.93 2205.74
313.58 -476.44 2205.71
313.62 -480.52 2205.47
313.39 -482.19 2203.63
313.67 -482.83 2201.82
313.39 -482.19 2203.63
325.34 529.94 2184.77
325.00 522.72 2187.09
324.98 521.19 2187.20
324.59 508.37 2189.91
324.05 505.33 2190.17
323.93 493.64 2190.99
323.93 493.13 2191.02
323.02 478.30 2193.83
322.70 470.83 2192.58
322.68 468.30 2192.74
322.34 459.04 2195.10
322.02 451.09 2193.86
322.01 449.07 2193.98
321.66 439.30 2196.33
321.66 438.80 2196.36
321.33 428.86 2195.21
321.31 426.34 2195.35
321.27 420.78 2195.67
321.25 419.27 2195.75
320.69 411.71 2196.20
320.66 407.68 2196.42
320.62 402.13 2196.72
320.58 396.59 2197.01
320.01 387.53 2197.51
319.69 378.77 2199.71
319.40 372.44 2198.30
319.38 368.42 2198.49
319.35 363.90 2198.71
318.79 355.36 2199.14
318.75 349.33 2199.41
318.73 345.31 2199.59
318.19 340.30 2199.85
318.68 337.28 2199.95
318.39 332.02 2201.93
318.38 330.52 2201.99
318.35 324.49 2202.24
318.34 323.99 2202.26
317.79 314.46 2202.69
317.78 312.45 2202.77
317.26 310.96 2202.86
317.73 304.43 2203.08
317.73 303.93 2203.10
317.19 296.92 2203.40
317.17 292.91 2203.56
317.16 289.40 2203.69
317.14 285.89 2203.81
316.84 278.10 2205.85
316.84 277.59 2205.87
316.81 270.08 2206.13
316.51 257.85 2204.82
315.99 254.36 2204.96
316.47 248.85 2205.11
315.96 246.35 2205.22
315.95 243.35 2205.31
315.93 237.85 2205.48
315.91 233.85 2205.60
315.90 230.35 2205.71
315.88 226.85 2205.81
315.87 222.35 2205.94
315.35 217.86 2206.10
315.34 214.36 2206.20
315.06 210.03 2208.06
315.04 203.53 2208.24
315.03 198.03 2208.38
315.01 194.03 2208.48
315.01 192.53 2208.52
314.47 181.54 2208.82
315.00 183.25 2205.29
314.72 174.91 2207.23
314.45 171.55 2209.05
314.44 167.55 2209.14
314.43 163.06 2209.24
314.17 158.44 2207.62
314.17 156.45 2207.67
314.15 151.46 2207.77
314.15 147.96 2207.84
314.14 143.47 2207.93
313.86 135.60 2209.83
313.86 133.61 2209.87
313.84 126.62 2209.99
313.84 125.62 2210.01
313.59 120.04 2208.39
313.32 116.64 2210.19
313.32 112.15 2210.27
313.31 109.15 2210.32
313.31 105.16 2210.38
313.32 101.01 2206.98
313.31 97.03 2207.04
313.29 93.69 2210.55
313.28 87.70 2210.63
312.77 83.22 2210.72
313.03 80.66 2209.01
313.03 77.17 2209.05
312.76 71.74 2210.86
312.76 70.25 2210.88
312.76 65.76 2210.93
312.75 60.27 2210.99
312.51 57.73 2209.31
312.75 54.79 2211.05
312.24 50.30 2211.12
312.24 46.31 2211.16
312.50 42.29 2209.45
312.50 40.29 2209.47
312.24 34.84 2211.26
312.23 30.35 2211.30
311.97 21.89 2213.10
312.23 18.88 2211.38
311.97 11.41 2213.17
311.97 10.92 2213.17
311.97  6.92 2213.19
311.73  3.43 2211.49
311.73 -0.56 2211.51
311.47 -9.55 2213.29
311.98 -12.04 2213.27
311.74 -16.52 2211.57
311.74 -19.51 2211.57
311.74 -24.00 2211.58
311.48 -32.50 2213.34
311.75 -35.47 2211.60
311.75 -39.46 2211.60
311.25 -43.45 2211.63
