-290.06 381.92 3450.69
-303.97 407.78 3501.22
-305.23 437.37 3504.99
-307.67 463.61 3513.16
-309.27 470.48 3521.96
-310.87 472.49 3530.91
-307.32 474.78 3517.72
-304.96 475.61 3499.71
-305.36 477.02 3504.21
-306.94 479.04 3513.07
-305.41 489.99 3503.95
-69.21 -51.74 2697.98
-69.21 -59.73 2698.01
-69.21 -64.03 2698.03
-69.22 -68.94 2698.05
-69.22 -72.63 2698.06
-69.22 -76.93 2698.07
-69.23 -84.31 2698.09
-69.10 -92.13 2692.80
-69.77 -95.90 2695.34
-69.24 -101.53 2698.12
-69.18 -111.87 2695.48
-69.12 -116.06 2692.83
-69.87 -127.97 2698.02
-69.80 -123.55 2695.37
-69.87 -131.66 2698.02
-69.88 -137.81 2698.02
-69.13 -140.62 2692.83
-69.74 -145.53 2692.71
-69.82 -151.21 2695.35
-70.43 -157.35 2695.22
-70.43 -158.58 2695.22
-69.76 -163.96 2692.67
-69.77 -169.49 2692.66
-69.90 -170.44 2697.96
-70.46 -185.04 2695.14
-70.39 -187.93 2692.48
-70.39 -190.39 2692.47
-70.47 -198.58 2695.09
-70.54 -204.32 2697.72
-70.48 -207.20 2695.05
-70.34 -211.71 2689.72
-69.67 -217.65 2687.17
-70.35 -220.94 2689.67
-70.43 -229.15 2692.27
-70.43 -229.77 2692.27
-69.69 -234.24 2687.06
-71.12 -239.85 2694.73
-71.12 -245.39 2694.69
-71.07 -256.25 2691.96
-70.39 -258.46 2689.40
-71.07 -256.25 2691.96
-174.66 -353.88 3431.93
-174.66 -355.45 3431.93
-173.26 -361.99 3419.29
-174.27 -369.50 3423.40
-175.49 -375.12 3431.80
-174.73 -380.64 3431.96
-174.52 -380.96 3427.68
-174.73 -380.64 3431.96
-174.52 -380.96 3427.68
-174.09 -381.60 3419.15
-174.73 -380.64 3431.96
-174.52 -380.96 3427.68
-174.09 -381.60 3419.15
-52.61 408.80 2567.22
-55.89 407.86 2583.86
-63.46 406.06 2630.40
-69.43 406.29 2676.25
-75.46 408.24 2718.17
-75.53 408.01 2720.91
-79.48 406.73 2750.69
-181.55 488.77 3533.18
-180.51 481.66 3528.91
-180.50 475.16 3529.03
-181.74 469.04 3538.09
-182.76 464.74 3542.58
-181.97 463.93 3542.76
-180.45 451.62 3529.45
-180.43 440.27 3529.64
-180.64 430.28 3534.36
-180.64 427.84 3534.40
-181.42 418.10 3534.41
-181.41 415.66 3534.45
-166.74 369.08 3448.46
-165.53 357.93 3440.15
-167.51 365.12 3448.37
-165.53 357.93 3440.15
-166.30 347.68 3440.17
-165.31 346.47 3436.04
-64.61 254.07 2684.14
-65.89 246.31 2686.72
-65.89 245.70 2686.74
-65.89 242.01 2686.82
-64.81 237.57 2692.45
-64.07 232.20 2687.38
-166.42 255.99 3445.89
-167.61 247.16 3454.51
-166.42 255.99 3445.89
-167.61 247.16 3454.51
-66.89 170.59 2704.05
-66.76 154.25 2698.99
-67.44 149.47 2701.61
-67.44 145.16 2701.68
-67.44 143.31 2701.71
-67.44 135.92 2701.82
-67.38 130.25 2699.24
-66.77 125.94 2699.43
-67.38 120.40 2699.39
-66.77 116.71 2699.56
-67.38 113.64 2699.48
-66.71 104.92 2697.06
-67.32 101.24 2696.99
-67.45 95.28 2702.39
-68.06 82.35 2702.44
-67.39 82.88 2699.88
-67.32 76.66 2697.30
-67.39 74.27 2699.99
-68.07 65.73 2702.63
-68.00 58.90 2700.04
-68.01 52.75 2700.10
-68.01 49.06 2700.14
-68.62 41.07 2700.10
-67.95 34.88 2697.62
-67.95 29.97 2697.67
-67.95 24.44 2697.72
-68.63 17.09 2700.32
-68.63  7.86 2700.39
-67.96  6.63 2697.86
-68.57 -0.74 2697.80
-68.57 -5.04 2697.83
-68.71 -4.44 2703.15
-68.58 -11.80 2697.88
-68.58 -17.33 2697.91
-68.51 -21.61 2695.29
-68.59 -27.77 2697.98
-68.59 -31.46 2698.00
-68.52 -39.41 2695.39
-68.59 -41.91 2698.05
-68.53 -46.78 2695.42
-69.21 -51.74 2697.98
-68.60 -58.50 2698.12
-69.21 -60.95 2698.02
-69.21 -64.03 2698.03
-69.22 -68.94 2698.05
-69.22 -76.32 2698.07
-69.22 -76.93 2698.07
-69.23 -84.31 2698.09
-70.45 -96.60 2697.88
-69.17 -103.89 2695.47
-69.11 -110.54 2692.83
-69.18 -112.49 2695.48
-69.18 -116.79 2695.48
-69.87 -127.97 2698.02
-69.06 -134.96 2690.19
-69.81 -137.07 2695.36
-69.88 -139.05 2698.02
-69.81 -145.06 2695.36
-69.82 -152.44 2695.35
-70.43 -157.35 2695.22
-70.43 -158.58 2695.22
-69.90 -170.44 2697.96
-70.45 -181.96 2695.15
-70.46 -185.04 2695.14
-71.82 -194.64 2700.19
-69.72 -199.43 2689.90
-70.34 -210.48 2689.73
-70.48 -209.04 2695.04
-70.42 -221.76 2692.32
-70.42 -224.23 2692.30
-69.68 -226.87 2687.11
-70.43 -229.77 2692.27
-71.12 -239.23 2694.74
-71.12 -244.16 2694.70
-71.12 -245.39 2694.69
-71.07 -256.25 2691.96
-173.23 -350.23 3419.28
-173.47 -359.30 3423.54
-175.46 -366.46 3431.79
-175.49 -374.34 3431.80
-174.73 -379.86 3431.96
-174.09 -381.60 3419.15
-174.52 -380.96 3427.68
-174.73 -380.64 3431.96
-174.09 -381.60 3419.15
-174.52 -380.96 3427.68
-174.73 -380.64 3431.96
-174.52 -380.96 3427.68
-174.09 -381.60 3419.15
-174.52 -380.96 3427.68
-52.61 408.80 2567.22
-53.98 409.12 2576.77
-60.61 407.83 2610.49
-67.82 407.02 2660.68
-72.28 406.77 2691.70
-74.62 407.67 2710.16
-79.48 406.73 2750.69
-181.55 488.77 3533.18
-181.55 487.95 3533.19
-180.74 479.83 3533.50
-181.74 469.04 3538.09
-182.77 465.55 3542.57
-180.93 462.53 3538.37
-179.42 450.25 3525.09
-181.48 453.81 3533.80
-180.43 440.27 3529.64
-180.64 430.28 3534.36
-180.64 429.46 3534.38
-181.42 418.10 3534.41
-181.41 415.66 3534.45
-166.74 369.08 3448.46
-165.53 357.93 3440.15
-165.74 359.16 3444.45
-165.53 357.93 3440.15
-165.31 346.47 3436.04
-64.61 254.07 2684.14
-64.81 237.57 2692.45
-64.07 232.20 2687.38
-166.42 255.99 3445.89
-167.61 247.16 3454.51
-66.89 170.59 2704.05
-66.83 167.34 2701.43
-66.89 170.59 2704.05
-66.76 158.56 2698.92
-66.83 151.32 2701.70
-67.44 148.24 2701.63
-67.44 143.31 2701.71
-67.44 135.92 2701.82
-67.38 132.71 2699.21
-67.38 129.02 2699.26
-66.77 125.33 2699.43
-67.38 119.17 2699.41
-67.38 113.64 2699.48
-66.71 110.46 2696.99
-67.38 104.41 2699.61
-67.45 95.28 2702.39
-67.39 84.73 2699.86
-68.06 82.35 2702.44
-68.00 77.35 2699.83
-68.07 65.73 2702.63
-67.27 55.10 2694.89
-68.01 52.75 2700.10
-68.01 47.83 2700.15
-68.62 41.07 2700.10
-67.95 35.50 2697.62
-67.95 32.43 2697.65
-67.95 27.51 2697.69
-68.63 17.09 2700.32
-68.63  7.86 2700.39
-68.64  4.18 2700.42
-68.71 -4.44 2703.15
-68.58 -9.96 2697.87
-68.58 -16.10 2697.91
-68.58 -19.79 2697.93
-68.58 -27.16 2697.97
-68.59 -30.85 2697.99
-68.59 -34.53 2698.01
-68.59 -38.83 2698.04
-68.59 -44.36 2698.06
-69.20 -48.66 2697.97
23.06 -54.32 2715.44
24.83 -59.69 2707.74
23.06 -62.95 2715.47
23.11 -72.33 2720.82
23.08 -72.88 2718.15
23.67 -79.59 2715.59
23.08 -80.28 2718.17
23.65 -87.52 2712.95
24.24 -94.82 2710.39
23.08 -93.86 2718.20
23.65 -102.92 2712.97
23.62 -107.75 2710.33
23.62 -112.06 2710.33
23.03 -116.48 2712.90
21.82 -122.76 2715.40
23.05 -126.46 2715.56
24.19 -130.90 2705.12
23.60 -136.56 2707.68
23.01 -142.23 2710.24
21.82 -141.27 2715.39
23.03 -150.39 2712.88
23.01 -155.17 2710.22
22.39 -162.56 2710.12
22.39 -166.26 2710.11
21.82 -167.20 2715.34
23.64 -173.21 2712.90
23.55 -178.08 2702.31
21.80 -183.70 2712.63
22.46 -189.00 2718.01
20.61 -197.65 2717.74
17.62 -197.98 2730.73
23.57 -203.49 2704.84
22.98 -207.99 2707.38
22.94 -206.36 2702.11
22.39 -214.36 2709.92
22.37 -222.79 2707.22
22.98 -227.11 2707.27
24.16 -231.60 2702.12
22.37 -241.91 2707.09
22.39 -244.00 2709.73
22.94 -250.69 2701.82
21.80 -256.60 2712.21
-53.20 -354.76 3430.14
-54.04 -355.97 3434.27
-55.74 -360.77 3442.58
-55.03 -363.58 3446.95
-56.66 -365.60 3451.02
-53.42 -378.09 3442.88
-54.14 -383.13 3438.53
-54.98 -385.17 3442.68
74.41 472.18 2260.92
75.90 473.91 2259.14
74.41 472.18 2260.92
73.41 465.72 2263.04
73.41 465.19 2263.07
74.36 451.18 2262.08
74.35 450.13 2262.13
73.81 439.64 2262.62
73.81 439.12 2262.64
68.25 408.86 2288.13
73.33 426.37 2265.12
68.72 409.06 2286.26
67.32 408.47 2291.86
68.72 409.06 2286.26
71.85 408.70 2269.56
66.68 404.62 2288.11
62.53 405.25 2328.54
60.86 405.06 2346.33
57.34 405.08 2378.55
55.74 405.38 2403.42
50.49 405.55 2441.32
47.69 405.65 2469.58
44.75 406.75 2493.89
42.93 405.93 2521.22
39.41 405.23 2553.65
34.71 406.24 2594.05
30.47 406.06 2635.84
28.28 406.70 2655.92
25.52 406.67 2684.10
21.54 407.81 2720.74
14.38 407.82 2771.91
-57.35 451.85 3549.59
-57.42 449.17 3554.19
-57.42 448.35 3554.20
-58.15 438.84 3549.70
-57.34 429.91 3549.94
-58.14 426.66 3549.89
37.61 306.57 2599.96
38.72 304.23 2595.28
38.68 303.36 2592.86
43.48 286.57 2565.01
44.06 282.47 2565.19
42.85 275.18 2562.85
43.93 272.35 2558.31
43.89 266.27 2556.09
43.26 259.03 2553.83
42.17 253.67 2558.54
42.17 249.58 2558.64
43.25 242.14 2554.22
43.24 236.32 2554.36
41.03 223.54 2561.45
42.11 223.72 2556.85
43.19 217.50 2552.41
42.18 216.54 2561.75
40.55 207.19 2568.86
38.39 204.61 2580.61
42.75 199.63 2562.17
40.58 196.84 2571.46
39.52 192.10 2578.60
39.00 189.52 2583.39
39.58 181.88 2583.61
25.96 171.17 2626.10
26.72 169.37 2703.10
25.05 168.04 2721.47
23.87 166.51 2726.70
25.62 159.07 2716.36
23.89 166.05 2729.39
24.42 141.45 2721.80
26.17 137.20 2711.45
24.42 141.45 2721.80
25.60 134.38 2716.72
25.60 122.66 2716.89
25.60 121.42 2716.90
25.57 114.53 2714.34
24.39 111.04 2719.55
23.77 106.72 2719.52
24.38 93.13 2719.77
26.13 92.16 2709.39
25.54 86.71 2712.02
26.74 81.70 2709.59
23.78 78.39 2722.53
24.38 75.23 2719.97
27.29 64.97 2704.56
25.50 62.64 2709.64
23.16 66.65 2722.57
24.94 54.75 2714.94
24.93 50.44 2714.98
24.88 45.42 2709.72
24.93 42.43 2715.05
24.31 30.72 2715.08
24.31 29.49 2715.09
26.08 21.41 2707.44
24.90 15.92 2712.62
24.92 11.62 2715.31
25.54 11.00 2715.39
24.35 -8.11 2720.69
24.30 -5.63 2715.35
24.30 -8.71 2715.37
23.71 -11.81 2717.97
23.12 -19.22 2720.59
23.66 -25.33 2712.73
24.86 -28.99 2710.26
24.27 -33.95 2712.85
23.66 -38.87 2712.80
23.68 -42.61 2715.47
23.09 -52.52 2718.09
24.25 -51.14 2710.28
23.06 -56.78 2715.44
22.47 -62.39 2718.04
23.06 -69.73 2715.49
23.08 -72.88 2718.15
23.65 -75.82 2712.93
23.65 -82.59 2712.94
23.67 -88.22 2715.61
22.49 -89.01 2720.78
23.08 -93.86 2718.20
23.65 -102.92 2712.97
22.44 -108.57 2715.48
21.25 -109.40 2720.64
22.44 -117.21 2715.48
26.03 -124.14 2705.36
23.01 -128.68 2710.25
24.21 -134.71 2707.76
21.82 -141.27 2715.39
23.60 -147.02 2707.67
23.03 -152.24 2712.88
21.23 -155.00 2717.95
21.80 -163.34 2712.69
21.82 -167.20 2715.34
22.98 -169.80 2707.54
23.01 -176.74 2710.16
23.01 -180.44 2710.15
22.44 -188.20 2715.35
22.44 -189.44 2715.35
23.01 -194.62 2710.09
21.82 -199.94 2715.22
20.63 -202.18 2720.39
22.37 -211.07 2707.29
21.21 -214.16 2715.07
22.94 -223.59 2702.01
22.96 -228.12 2704.62
21.78 -235.97 2709.71
22.37 -240.06 2707.11
22.37 -243.15 2707.09
22.39 -244.00 2709.73
21.80 -256.60 2712.21
-53.20 -354.76 3430.14
-55.09 -353.78 3451.22
-56.66 -362.44 3451.02
-56.59 -365.94 3446.75
-53.28 -372.45 3434.38
-53.42 -378.09 3442.88
-54.98 -385.17 3442.68
74.41 472.18 2260.92
73.41 465.72 2263.04
73.41 465.19 2263.07
74.36 451.18 2262.08
74.35 450.13 2262.13
73.81 439.64 2262.62
73.81 439.12 2262.64
73.33 426.37 2265.12
68.72 409.06 2286.26
67.32 408.47 2291.86
68.72 409.06 2286.26
73.63 409.14 2260.37
67.09 404.49 2284.34
65.60 406.56 2305.28
65.23 405.44 2311.14
61.62 405.18 2334.39
60.86 405.06 2346.33
55.95 405.71 2388.73
52.95 405.89 2426.48
48.69 405.72 2463.05
47.21 405.80 2473.98
43.81 406.26 2505.19
40.89 406.16 2537.27
36.80 406.80 2574.83
32.65 406.42 2618.52
30.47 406.06 2635.84
27.73 406.86 2660.99
23.28 407.09 2707.59
16.85 407.90 2763.88
13.80 408.17 2783.04
-53.86 448.78 3531.97
-57.35 451.85 3549.59
-57.42 449.17 3554.19
-58.22 438.59 3554.25
-57.34 429.10 3549.95
-60.78 424.20 3563.29
37.61 305.39 2599.99
38.68 303.36 2592.86
43.48 287.15 2565.00
38.68 303.36 2592.86
44.06 282.47 2565.19
42.85 274.60 2562.86
43.89 266.27 2556.09
42.17 253.67 2558.54
44.29 245.55 2547.22
43.25 245.05 2554.16
43.25 242.14 2554.22
43.24 235.74 2554.37
41.03 223.54 2561.45
44.27 228.13 2547.61
42.65 221.77 2554.60
42.14 215.18 2559.40
40.55 207.19 2568.86
40.47 208.56 2564.06
41.09 204.66 2566.60
41.67 198.82 2566.79
38.93 195.03 2578.46
39.59 193.04 2583.40
39.52 189.75 2578.64
39.58 181.88 2583.61
25.54 175.30 2643.53
26.72 169.37 2703.10
23.87 166.51 2726.70
25.05 166.81 2721.49
23.89 166.05 2729.39
24.42 141.45 2721.80
26.20 138.57 2714.08
25.02 139.46 2719.24
24.42 141.45 2721.80
25.60 122.66 2716.89
26.19 116.99 2714.38
25.57 113.91 2714.34
24.39 111.04 2719.55
23.77 106.72 2719.52
24.92 94.09 2711.86
25.54 89.79 2711.99
24.97 85.64 2717.27
24.38 78.93 2719.93
24.38 75.23 2719.97
25.53 69.47 2712.21
23.16 66.65 2722.57
24.91 63.31 2712.20
24.94 55.36 2714.93
24.93 50.44 2714.98
24.88 45.42 2709.72
25.52 43.00 2712.47
24.93 42.43 2715.05
24.31 30.72 2715.08
24.31 29.49 2715.09
25.51 20.84 2712.66
24.90 17.15 2712.61
24.92 11.62 2715.31
24.35 -8.11 2720.69
24.33 -7.49 2718.02
24.85 -4.39 2707.47
23.71 -11.19 2717.96
23.12 -19.22 2720.59
21.86 -20.44 2717.78
25.99 -22.76 2699.83
24.89 -31.48 2712.92
23.71 -35.86 2718.10
23.68 -42.61 2715.47
23.66 -43.80 2712.82
24.84 -48.02 2707.70
67.97 -385.38 3462.60
68.05 -377.16 3466.88
68.66 -374.66 3458.39
68.04 -374.79 3466.88
68.82 -366.89 3466.93
67.41 -363.04 3475.42
67.33 -361.81 3471.13
67.95 -356.98 3462.62
66.54 -357.07 3471.08
68.03 -351.89 3466.89
119.22 -251.47 2718.97
118.83 -247.62 2724.25
119.83 -244.05 2719.07
119.32 -239.34 2721.71
118.92 -232.99 2727.02
119.43 -232.14 2724.41
119.30 -221.41 2721.83
119.91 -214.61 2721.92
118.90 -210.07 2727.16
119.29 -209.05 2721.91
119.90 -207.82 2721.96
119.01 -207.18 2729.84
120.02 -205.54 2724.62
119.63 -204.08 2729.89
119.40 -202.45 2724.59
119.39 -198.74 2724.61
119.77 -188.49 2719.41
119.37 -178.96 2724.70
119.99 -174.02 2724.76
119.36 -165.99 2724.75
120.33 -160.89 2732.77
120.21 -160.12 2730.11
119.98 -158.58 2724.81
120.36 -156.42 2719.57
120.09 -155.02 2727.47
120.36 -152.73 2719.58
120.20 -148.36 2730.14
119.85 -146.09 2722.19
119.46 -137.10 2727.47
120.46 -136.22 2722.25
122.46 -133.85 2711.88
122.08 -133.49 2717.10
122.58 -132.75 2714.51
118.83 -130.92 2727.43
120.46 -126.97 2722.26
119.45 -124.12 2727.48
119.95 -123.38 2724.87
120.45 -116.48 2722.27
119.44 -111.77 2727.49
119.95 -111.04 2724.88
120.45 -109.70 2722.27
120.06 -108.68 2727.53
120.56 -107.34 2724.92
119.56 -106.31 2730.14
119.44 -104.36 2727.49
120.91 -103.32 2732.88
120.41 -102.80 2735.50
120.68 -101.88 2727.56
121.06 -100.46 2722.31
120.06 -100.03 2727.52
121.06 -99.22 2722.31
120.44 -97.37 2722.27
120.55 -74.64 2724.88
120.55 -72.79 2724.88
120.16 -72.32 2730.14
120.05 -71.01 2727.48
120.04 -59.28 2727.45
121.04 -53.63 2722.22
120.54 -49.98 2724.81
121.04 -46.23 2722.20
120.54 -44.43 2724.80
121.04 -43.77 2722.19
120.54 -42.58 2724.79
120.66 -38.92 2727.42
121.16 -37.03 2724.81
120.66 -36.45 2727.41
121.66 -35.15 2722.19
121.66 -32.68 2722.18
120.15 -26.60 2729.98
120.66 -25.34 2727.36
119.65 -21.06 2732.58
120.65 -19.17 2727.33
120.77 -17.95 2729.98
121.66 -17.29 2722.11
120.77 -16.10 2729.97
120.65 -7.45 2727.27
121.39 -0.66 2729.92
121.27  0.58 2727.26
119.65  2.43 2732.44
120.65  3.66 2727.20
121.39 11.69 2729.84
121.16 12.29 2724.54
120.66 23.40 2727.07
120.27 24.07 2732.34
121.39 25.90 2729.74
120.78 36.40 2729.62
121.40 39.49 2729.64
121.28 40.68 2726.97
121.28 41.30 2726.97
121.40 42.57 2729.61
121.40 43.19 2729.60
120.90 43.85 2732.22
121.40 45.04 2729.59
121.90 46.23 2726.96
121.28 51.17 2726.88
120.90 52.51 2732.14
121.90 54.25 2726.89
121.52 58.69 2732.13
121.90 60.43 2726.84
121.40 63.57 2729.42
121.40 64.19 2729.41
122.41 69.61 2724.14
120.91 75.38 2731.92
122.03 77.16 2729.32
122.53 90.05 2726.57
121.15 91.63 2737.08
120.02 92.34 2739.67
122.04 95.07 2729.13
122.54 95.60 2726.51
121.03 99.59 2734.32
123.16 101.15 2726.49
122.67 111.76 2728.97
121.78 112.70 2736.87
122.67 121.02 2728.86
122.29 121.88 2734.13
122.67 122.88 2728.83
122.18 129.80 2731.36
122.30 139.22 2733.90
122.69 141.42 2728.59
123.31 142.65 2728.61
122.81 144.03 2731.21
122.93 145.41 2733.85
123.43 145.89 2731.22
122.19 151.46 2731.06
123.05 154.85 2736.39
122.82 156.41 2731.03
122.71 170.48 2728.16
131.28 226.96 2601.22
131.63 231.85 2596.32
132.37 245.64 2598.48
132.51 256.51 2600.66
131.35 272.48 2600.21
61.72 379.93 3594.04
61.80 382.05 3598.63
61.89 395.67 3603.07
61.24 403.26 3612.20
62.39 418.58 3630.76
67.99 464.43 3574.89
68.71 466.29 3570.35
69.63 478.32 3574.78
68.83 491.40 3574.52
116.06 408.44 2793.22
117.27 407.93 2776.62
123.10 406.18 2709.54
123.51 407.16 2691.21
125.75 406.81 2660.50
126.36 406.71 2647.88
127.22 407.29 2627.91
129.02 406.59 2615.69
129.73 407.48 2605.91
130.32 406.19 2593.83
131.25 406.54 2577.05
133.21 405.93 2558.22
134.33 406.34 2534.94
135.46 406.83 2523.48
136.42 406.30 2498.58
137.08 406.00 2489.67
138.62 405.56 2476.46
138.70 406.40 2467.62
140.17 406.45 2443.80
140.48 406.30 2439.52
141.85 404.96 2424.73
144.79 404.12 2399.77
144.77 404.32 2381.19
145.37 404.59 2373.06
147.39 404.99 2353.01
149.62 403.90 2337.31
150.39 406.10 2315.74
151.11 405.89 2302.30
151.79 405.95 2296.60
152.72 406.14 2294.75
152.73 407.73 2294.68
151.93 408.93 2298.38
156.60 412.99 2273.91
158.14 469.96 2267.34
156.31 473.84 2278.29
191.46 -390.88 3478.29
192.01 -389.61 3474.01
191.45 -389.30 3478.29
191.22 -388.04 3474.03
191.21 -385.67 3474.03
191.76 -384.40 3469.77
191.99 -383.29 3474.03
191.75 -382.03 3469.77
190.96 -379.67 3469.79
190.64 -379.02 3478.33
191.19 -377.77 3474.05
191.74 -374.94 3469.79
192.29 -373.69 3465.54
193.38 -370.41 3457.07
191.73 -370.99 3469.80
191.17 -370.66 3474.07
191.96 -369.08 3474.06
191.72 -367.84 3469.81
191.16 -365.92 3474.08
191.71 -364.69 3469.82
191.94 -361.18 3474.08
192.49 -359.95 3469.82
191.93 -359.60 3474.08
191.69 -356.02 3469.83
191.92 -353.29 3474.10
192.78 -350.42 3461.35
215.62 -256.03 2735.16
215.18 -246.88 2729.96
215.80 -244.48 2737.92
215.79 -240.69 2730.01
215.99 -239.06 2732.67
215.78 -238.21 2730.03
215.99 -235.96 2732.69
215.78 -235.12 2730.06
215.36 -234.73 2732.70
215.77 -233.88 2730.07
215.36 -233.49 2732.71
215.77 -232.02 2730.09
215.98 -231.01 2732.73
215.15 -230.84 2738.03
214.94 -230.66 2743.35
214.52 -229.60 2738.04
213.90 -228.32 2730.12
215.97 -226.67 2732.77
214.51 -225.88 2738.07
216.37 -223.95 2722.26
214.30 -223.80 2735.44
216.78 -220.67 2727.54
216.77 -217.59 2727.56
216.98 -217.17 2730.20
215.73 -215.33 2730.21
215.94 -214.91 2732.86
215.73 -209.75 2738.19
215.30 -203.74 2740.88
214.67 -201.89 2740.89
215.71 -199.83 2738.25
215.50 -199.59 2743.57
215.29 -199.36 2748.90
215.50 -198.35 2743.57
216.11 -196.54 2735.62
217.12 -186.53 2725.13
216.50 -178.93 2741.02
216.71 -177.24 2743.69
216.50 -176.45 2741.03
216.49 -174.70 2733.09
216.28 -174.42 2738.39
215.86 -169.76 2733.12
215.86 -168.39 2741.07
215.44 -167.31 2743.73
216.68 -163.73 2735.79
216.89 -163.27 2738.43
216.89 -162.65 2738.44
216.05 -160.02 2735.80
216.88 -155.84 2738.46
217.29 -154.90 2743.78
218.35 -155.02 2757.14
217.51 -154.25 2754.46
216.04 -152.60 2735.83
215.83 -150.60 2733.19
215.62 -150.27 2738.48
216.03 -147.03 2735.84
214.78 -144.15 2727.94
215.61 -141.61 2738.51
215.40 -140.23 2735.86
215.81 -135.55 2741.17
216.42 -130.83 2733.24
215.80 -130.59 2741.18
214.97 -130.22 2746.50
214.56 -129.73 2749.17
215.18 -128.73 2741.19
216.42 -127.74 2733.25
216.83 -125.77 2730.62
215.79 -120.06 2741.20
217.03 -117.24 2733.26
217.23 -116.73 2735.91
217.64 -116.00 2733.27
216.40 -110.77 2741.21
215.98 -104.68 2743.87
216.61 -103.73 2751.87
217.01 -100.57 2733.28
217.20 -77.81 2735.91
215.96 -77.41 2743.86
216.79 -76.86 2746.52
215.95 -73.69 2743.86
216.16 -72.94 2738.55
217.20 -71.21 2743.86
215.74 -68.05 2741.19
215.54 -67.56 2746.51
216.77 -66.13 2738.54
217.39 -60.57 2738.53
216.36 -56.29 2741.17
216.35 -51.20 2733.22
217.39 -48.82 2738.50
217.17 -46.30 2735.85
216.97 -44.54 2741.14
216.34 -43.79 2733.20
216.97 -43.30 2741.14
216.76 -42.64 2738.48
216.97 -42.06 2741.13
216.55 -39.51 2735.83
216.55 -37.77 2743.77
217.17 -36.42 2735.82
216.55 -32.72 2735.80
216.34 -30.31 2741.09
216.96 -29.60 2733.15
217.37 -27.19 2738.43
217.79 -26.54 2735.78
216.96 -25.97 2741.08
216.55 -22.90 2743.72
217.37 -21.00 2738.40
216.96 -20.41 2741.05
217.37 -19.77 2738.40
216.96 -19.17 2741.05
217.16 -16.05 2735.74
216.96 -15.46 2741.03
217.78 -14.81 2735.73
219.42 -13.52 2725.20
218.19 -12.95 2733.08
216.96 -10.51 2741.01
217.58 -6.80 2740.99
215.93 -3.09 2751.62
219.63 -0.61 2727.75
219.22  1.24 2730.37
219.01  2.47 2727.74
216.13 22.94 2746.13
218.60 24.66 2730.23
217.37 27.20 2738.13
216.75 28.52 2746.09
217.58 29.70 2740.76
217.17 30.35 2743.42
217.17 30.97 2743.41
217.58 31.56 2740.75
217.99 37.09 2738.06
217.79 41.50 2743.33
218.40 43.23 2735.37
217.57 46.89 2732.70
218.21 57.54 2740.54
218.62 61.81 2737.85
219.85 62.86 2729.92
218.46 126.35 2742.46
218.68 127.71 2745.11
219.09 131.93 2742.39
218.68 132.68 2745.04
219.09 134.40 2742.36
219.11 139.77 2750.29
218.89 142.94 2739.59
218.48 144.94 2742.22
218.70 153.15 2744.77
218.71 161.21 2744.65
212.15 168.07 2646.82
221.54 181.91 2622.06
223.10 181.83 2612.36
223.31 183.18 2614.75
222.90 184.02 2609.90
224.84 190.81 2597.78
223.46 192.99 2595.35
225.38 196.20 2583.41
223.28 198.65 2600.02
225.02 206.92 2585.57
223.47 212.98 2587.82
224.27 217.27 2590.12
225.04 217.46 2585.36
225.60 217.45 2578.27
225.22 220.57 2580.57
224.67 225.87 2587.56
225.44 228.38 2582.77
224.48 229.76 2585.11
224.27 230.14 2582.73
226.18 230.83 2570.94
224.66 232.27 2580.32
224.69 234.66 2587.38
224.87 236.58 2582.60
224.49 237.97 2584.93
224.88 238.33 2582.56
225.06 239.07 2577.82
225.26 239.87 2580.16
224.88 240.68 2582.51
225.65 240.82 2577.78
224.90 246.53 2582.38
225.11 248.51 2584.70
225.67 249.00 2577.60
226.43 249.71 2572.87
226.05 250.53 2575.21
225.88 252.15 2579.89
225.89 256.84 2579.78
225.90 260.35 2579.70
225.80 276.83 2591.17
225.04 283.24 2595.79
225.82 286.84 2590.92
225.31 294.93 2605.11
227.36 304.33 2614.55
227.54 304.96 2609.68
227.72 305.58 2604.83
227.02 304.83 2583.32
194.93 430.14 3596.85
196.63 429.31 3583.14
197.21 434.47 3578.52
197.46 435.83 3583.04
199.15 435.79 3569.42
199.72 436.86 3564.89
314.80 -384.75 3494.12
314.39 -384.44 3498.48
313.97 -376.84 3494.22
314.72 -365.73 3494.20
313.11 -365.07 3502.99
313.51 -356.59 3490.02
312.53 -254.35 2742.53
312.80 -246.51 2745.26
311.19 -234.95 2748.15
311.49 -234.56 2750.81
311.49 -233.93 2750.82
310.82 -217.77 2751.01
311.46 -215.48 2745.64
312.38 -214.44 2748.26
312.05 -214.03 2750.96
312.05 -206.17 2745.68
312.95 -205.51 2753.65
313.56 -205.28 2758.98
311.72 -202.64 2748.40
311.12 -201.64 2743.11
311.72 -201.40 2748.41
312.32 -201.16 2753.72
311.36 -198.87 2756.49
312.58 -178.59 2751.18
312.90 -177.18 2748.49
312.56 -172.38 2751.22
311.90 -167.74 2756.65
312.23 -166.96 2753.95
312.22 -156.09 2748.65
312.20 -155.77 2754.00
312.80 -155.44 2759.34
313.43 -154.82 2759.30
312.19 -153.28 2754.01
311.91 -151.60 2746.02
312.50 -146.30 2751.35
312.18 -136.86 2748.73
311.84 -136.02 2756.79
312.79 -131.90 2748.71
312.15 -130.91 2754.10
312.16 -126.94 2748.76
311.51 -125.33 2754.16
311.23 -122.49 2746.17
311.85 -121.87 2746.13
313.41 -120.50 2743.37
311.53 -119.50 2748.82
312.45 -117.75 2751.44
311.81 -109.07 2751.50
312.10 -100.48 2754.17
311.12 -96.42 2762.29
312.42 -87.81 2746.14
312.40 -87.36 2751.48
313.30 -79.52 2759.47
313.31 -78.75 2754.10
312.04 -75.79 2759.55
312.68 -73.78 2754.14
312.36 -72.61 2756.84
312.97 -64.53 2756.79
312.01 -64.10 2764.93
312.03 -63.35 2759.54
312.67 -61.99 2754.13
313.29 -60.75 2754.09
312.65 -60.24 2759.50
313.29 -57.02 2754.08
312.66 -54.54 2754.12
312.36 -50.77 2751.46
312.68 -49.48 2748.77
313.60 -48.91 2751.37
313.28 -45.85 2754.06
312.97 -38.37 2751.39
313.56 47.26 2756.27
314.18 59.06 2756.14
314.81 62.17 2756.07
315.49 123.66 2755.39
315.18 129.39 2758.02
315.82 129.75 2752.61
315.80 131.25 2757.96
315.50 131.74 2755.29
315.81 133.74 2757.93
314.89 140.45 2755.21
315.52 147.28 2755.08
315.84 147.76 2752.37
315.83 149.29 2757.72
315.83 150.54 2757.70
315.85 151.48 2752.32
316.79 152.57 2749.57
316.80 153.81 2749.55
315.83 157.69 2762.99
315.55 168.75 2760.15
316.19 170.90 2754.70
315.87 172.94 2757.38
312.68 387.65 3587.90
319.68 428.57 3637.72
